param n := 50;
param l := 150;
param B := 300;
param lowerb := 1;
param upperb := 4;

set A :=
1 15    7 36    8 20    8 32    9 24    11 46    11 50    12 19    17 13    21 37    
23 50    25 44    28 37    30 36    37 38    38 35    39 17    43 29    44 13    46 48    
47 37    ;

set D :=
1 2   1 4   1 5   1 6   1 7   1 8   1 10   1 11   1 12   1 14   
1 15   1 16   1 17   1 18   1 19   1 20   1 21   1 22   1 24   1 25   
1 27   1 28   1 30   1 31   1 32   1 35   1 37   1 38   1 39   1 40   
1 41   1 42   1 43   1 44   1 45   1 46   1 47   1 48   1 49   1 50   
2 1   2 4   2 5   2 6   2 7   2 8   2 9   2 10   2 11   2 12   
2 14   2 15   2 17   2 18   2 19   2 20   2 21   2 22   2 24   2 25   
2 26   2 27   2 29   2 30   2 31   2 32   2 33   2 34   2 35   2 36   
2 40   2 44   2 45   2 46   2 47   2 48   2 49   2 50   3 1   3 4   
3 5   3 7   3 8   3 9   3 12   3 13   3 14   3 15   3 16   3 17   
3 19   3 20   3 21   3 22   3 25   3 26   3 27   3 29   3 31   3 32   
3 33   3 35   3 36   3 37   3 38   3 40   3 41   3 42   3 43   3 44   
3 46   3 47   3 48   3 49   3 50   4 1   4 3   4 5   4 9   4 10   
4 11   4 12   4 15   4 16   4 17   4 18   4 19   4 20   4 22   4 23   
4 24   4 26   4 27   4 28   4 29   4 30   4 31   4 32   4 36   4 37   
4 38   4 39   4 40   4 42   4 43   4 44   4 45   4 47   4 49   4 50   
5 1   5 2   5 3   5 6   5 8   5 9   5 11   5 13   5 14   5 16   
5 18   5 21   5 22   5 24   5 26   5 27   5 29   5 31   5 32   5 33   
5 34   5 35   5 36   5 37   5 38   5 39   5 40   5 41   5 42   5 43   
5 44   5 45   5 47   5 48   5 50   6 1   6 2   6 3   6 4   6 5   
6 7   6 8   6 9   6 10   6 11   6 12   6 13   6 15   6 16   6 17   
6 18   6 19   6 20   6 21   6 22   6 23   6 26   6 27   6 28   6 29   
6 30   6 33   6 34   6 36   6 37   6 38   6 39   6 40   6 42   6 43   
6 44   6 46   6 48   6 49   6 50   7 1   7 2   7 4   7 5   7 6   
7 8   7 9   7 11   7 12   7 13   7 14   7 15   7 16   7 18   7 19   
7 20   7 21   7 22   7 23   7 26   7 27   7 28   7 29   7 30   7 31   
7 32   7 33   7 34   7 36   7 39   7 40   7 41   7 42   7 43   7 44   
7 45   7 46   7 47   7 48   7 49   8 1   8 2   8 4   8 5   8 6   
8 7   8 11   8 12   8 13   8 14   8 15   8 16   8 17   8 18   8 19   
8 21   8 26   8 27   8 28   8 29   8 30   8 31   8 32   8 34   8 36   
8 37   8 39   8 40   8 42   8 45   8 46   8 47   8 49   9 1   9 2   
9 3   9 4   9 5   9 6   9 7   9 10   9 12   9 13   9 14   9 15   
9 16   9 17   9 18   9 20   9 21   9 22   9 23   9 24   9 26   9 27   
9 28   9 29   9 30   9 32   9 34   9 35   9 37   9 38   9 40   9 43   
9 44   9 45   9 47   9 48   9 49   9 50   10 1   10 2   10 3   10 6   
10 8   10 13   10 15   10 16   10 18   10 19   10 21   10 22   10 24   10 25   
10 26   10 27   10 28   10 30   10 31   10 32   10 33   10 34   10 35   10 36   
10 37   10 38   10 39   10 40   10 41   10 43   10 44   10 45   10 46   10 49   
10 50   11 1   11 4   11 7   11 8   11 9   11 10   11 12   11 14   11 15   
11 16   11 17   11 19   11 20   11 21   11 22   11 24   11 25   11 26   11 28   
11 29   11 30   11 31   11 33   11 35   11 36   11 37   11 38   11 39   11 40   
11 41   11 42   11 44   11 46   11 47   11 48   11 49   11 50   12 2   12 3   
12 4   12 5   12 6   12 7   12 10   12 11   12 13   12 15   12 16   12 17   
12 18   12 20   12 21   12 22   12 23   12 24   12 25   12 27   12 28   12 30   
12 31   12 32   12 33   12 34   12 35   12 36   12 39   12 40   12 41   12 44   
12 45   12 46   12 47   12 48   12 50   13 1   13 3   13 5   13 6   13 7   
13 8   13 9   13 10   13 11   13 12   13 14   13 15   13 16   13 17   13 18   
13 19   13 21   13 25   13 26   13 27   13 28   13 29   13 30   13 31   13 32   
13 33   13 35   13 37   13 38   13 39   13 40   13 41   13 42   13 43   13 44   
13 45   13 48   13 49   13 50   14 1   14 2   14 3   14 4   14 6   14 8   
14 9   14 10   14 12   14 13   14 15   14 16   14 17   14 18   14 19   14 21   
14 22   14 24   14 25   14 26   14 27   14 28   14 30   14 33   14 34   14 36   
14 37   14 38   14 40   14 42   14 43   14 44   14 45   14 46   14 48   14 49   
14 50   15 1   15 2   15 4   15 5   15 7   15 8   15 9   15 10   15 12   
15 13   15 14   15 18   15 19   15 20   15 21   15 23   15 24   15 26   15 29   
15 30   15 31   15 32   15 33   15 36   15 37   15 38   15 39   15 41   15 42   
15 44   15 46   15 48   15 49   15 50   16 2   16 4   16 6   16 7   16 8   
16 10   16 14   16 15   16 17   16 18   16 19   16 20   16 21   16 22   16 23   
16 24   16 25   16 26   16 27   16 28   16 29   16 30   16 31   16 32   16 33   
16 34   16 35   16 36   16 39   16 40   16 42   16 43   16 45   16 46   16 47   
16 48   16 49   17 1   17 2   17 3   17 4   17 5   17 6   17 8   17 9   
17 10   17 11   17 12   17 13   17 14   17 16   17 18   17 19   17 20   17 21   
17 22   17 23   17 24   17 25   17 26   17 28   17 29   17 30   17 31   17 32   
17 33   17 34   17 35   17 36   17 38   17 39   17 40   17 41   17 42   17 45   
17 46   17 47   17 48   17 49   18 1   18 2   18 3   18 5   18 6   18 7   
18 8   18 9   18 10   18 11   18 12   18 13   18 15   18 16   18 17   18 22   
18 23   18 24   18 26   18 27   18 28   18 29   18 30   18 33   18 34   18 36   
18 39   18 40   18 41   18 42   18 44   18 45   18 46   18 47   18 48   18 49   
18 50   19 1   19 2   19 3   19 4   19 5   19 6   19 8   19 10   19 11   
19 12   19 13   19 14   19 15   19 16   19 18   19 20   19 21   19 22   19 23   
19 24   19 28   19 31   19 32   19 33   19 34   19 35   19 36   19 38   19 39   
19 40   19 41   19 42   19 43   19 44   19 45   19 46   19 49   19 50   20 1   
20 2   20 4   20 7   20 8   20 9   20 10   20 11   20 12   20 13   20 14   
20 16   20 19   20 21   20 22   20 24   20 25   20 26   20 27   20 28   20 29   
20 31   20 32   20 33   20 34   20 35   20 37   20 38   20 39   20 40   20 41   
20 42   20 43   20 44   20 45   20 46   20 47   20 48   20 50   21 3   21 4   
21 6   21 7   21 8   21 9   21 10   21 12   21 13   21 14   21 15   21 16   
21 17   21 19   21 20   21 22   21 23   21 24   21 25   21 26   21 29   21 30   
21 31   21 32   21 35   21 37   21 38   21 39   21 40   21 41   21 42   21 43   
21 44   21 45   21 46   21 47   21 48   21 49   22 1   22 2   22 3   22 4   
22 5   22 6   22 7   22 10   22 11   22 12   22 14   22 16   22 17   22 18   
22 19   22 20   22 21   22 23   22 24   22 25   22 26   22 27   22 29   22 30   
22 31   22 32   22 33   22 35   22 36   22 37   22 38   22 40   22 42   22 43   
22 45   22 46   22 47   22 48   22 49   22 50   23 1   23 2   23 4   23 5   
23 6   23 7   23 8   23 9   23 10   23 13   23 14   23 15   23 16   23 17   
23 18   23 19   23 20   23 21   23 24   23 25   23 27   23 28   23 29   23 30   
23 31   23 34   23 35   23 36   23 37   23 38   23 39   23 40   23 41   23 42   
23 43   23 47   23 48   23 49   23 50   24 1   24 2   24 3   24 4   24 7   
24 8   24 9   24 10   24 11   24 12   24 13   24 14   24 15   24 16   24 17   
24 18   24 19   24 21   24 22   24 26   24 27   24 29   24 30   24 31   24 32   
24 33   24 34   24 35   24 36   24 37   24 38   24 39   24 40   24 41   24 43   
24 45   24 46   24 47   24 48   25 1   25 2   25 3   25 4   25 6   25 9   
25 10   25 13   25 14   25 15   25 18   25 19   25 20   25 21   25 23   25 24   
25 26   25 27   25 29   25 30   25 31   25 32   25 33   25 34   25 35   25 36   
25 37   25 38   25 39   25 41   25 43   25 45   25 47   25 49   25 50   26 1   
26 2   26 3   26 4   26 5   26 6   26 7   26 10   26 11   26 12   26 13   
26 14   26 17   26 18   26 21   26 23   26 24   26 25   26 27   26 29   26 30   
26 31   26 35   26 36   26 37   26 38   26 40   26 41   26 43   26 44   26 45   
26 47   27 1   27 3   27 4   27 7   27 8   27 9   27 10   27 11   27 13   
27 14   27 15   27 16   27 18   27 19   27 20   27 22   27 23   27 24   27 25   
27 26   27 28   27 29   27 30   27 31   27 32   27 33   27 35   27 36   27 37   
27 38   27 39   27 40   27 41   27 42   27 43   27 44   27 45   27 47   27 49   
28 1   28 3   28 5   28 6   28 7   28 8   28 9   28 11   28 13   28 14   
28 15   28 16   28 17   28 19   28 20   28 22   28 23   28 25   28 27   28 30   
28 31   28 33   28 34   28 35   28 37   28 38   28 39   28 40   28 41   28 42   
28 43   28 44   28 46   28 47   28 48   28 49   28 50   29 1   29 3   29 4   
29 5   29 6   29 7   29 9   29 10   29 13   29 14   29 16   29 17   29 21   
29 22   29 24   29 25   29 26   29 27   29 28   29 30   29 31   29 32   29 33   
29 34   29 35   29 36   29 37   29 38   29 39   29 40   29 41   29 44   29 45   
29 46   29 49   29 50   30 1   30 2   30 3   30 4   30 5   30 6   30 7   
30 8   30 9   30 10   30 12   30 14   30 15   30 16   30 17   30 18   30 19   
30 20   30 21   30 22   30 23   30 24   30 25   30 27   30 28   30 31   30 32   
30 34   30 36   30 38   30 39   30 40   30 42   30 43   30 44   30 46   30 47   
30 48   30 49   30 50   31 1   31 2   31 3   31 4   31 6   31 7   31 8   
31 9   31 10   31 11   31 12   31 13   31 14   31 15   31 16   31 17   31 18   
31 19   31 21   31 22   31 24   31 25   31 26   31 27   31 28   31 29   31 30   
31 33   31 34   31 35   31 36   31 37   31 38   31 39   31 42   31 43   31 44   
31 45   31 48   31 49   31 50   32 1   32 2   32 3   32 4   32 5   32 7   
32 8   32 9   32 12   32 15   32 16   32 17   32 19   32 21   32 22   32 23   
32 24   32 25   32 26   32 27   32 29   32 31   32 33   32 34   32 35   32 36   
32 37   32 40   32 41   32 42   32 43   32 45   32 47   32 48   32 49   33 1   
33 3   33 4   33 6   33 7   33 8   33 10   33 11   33 13   33 14   33 15   
33 17   33 18   33 19   33 22   33 23   33 24   33 25   33 26   33 27   33 30   
33 31   33 32   33 34   33 35   33 37   33 38   33 39   33 40   33 41   33 42   
33 43   33 44   33 45   33 46   33 47   33 48   33 50   34 1   34 2   34 3   
34 4   34 6   34 8   34 9   34 11   34 12   34 13   34 15   34 16   34 17   
34 19   34 20   34 21   34 22   34 24   34 25   34 26   34 27   34 30   34 31   
34 33   34 35   34 36   34 39   34 40   34 41   34 42   34 43   34 44   34 45   
34 46   34 47   34 48   34 49   34 50   35 1   35 2   35 3   35 4   35 6   
35 7   35 8   35 9   35 11   35 12   35 14   35 15   35 16   35 17   35 18   
35 19   35 20   35 21   35 23   35 25   35 26   35 27   35 28   35 29   35 30   
35 31   35 32   35 33   35 34   35 36   35 37   35 38   35 39   35 40   35 42   
35 43   35 44   35 45   35 46   35 48   35 49   36 1   36 2   36 3   36 4   
36 5   36 6   36 7   36 8   36 9   36 11   36 12   36 14   36 16   36 18   
36 19   36 20   36 21   36 23   36 26   36 27   36 28   36 29   36 31   36 32   
36 34   36 37   36 40   36 41   36 42   36 43   36 44   36 46   36 47   36 49   
36 50   37 2   37 3   37 4   37 6   37 7   37 8   37 10   37 11   37 12   
37 13   37 14   37 17   37 19   37 20   37 21   37 22   37 23   37 24   37 25   
37 26   37 27   37 28   37 29   37 31   37 32   37 33   37 34   37 35   37 38   
37 39   37 41   37 42   37 44   37 45   37 48   37 49   38 1   38 4   38 7   
38 8   38 9   38 10   38 11   38 12   38 14   38 15   38 16   38 18   38 19   
38 20   38 21   38 23   38 24   38 27   38 28   38 29   38 30   38 31   38 32   
38 33   38 34   38 35   38 36   38 37   38 40   38 41   38 42   38 43   38 46   
38 48   38 49   38 50   39 1   39 2   39 3   39 5   39 6   39 7   39 8   
39 9   39 11   39 12   39 13   39 14   39 15   39 16   39 17   39 19   39 20   
39 21   39 22   39 23   39 24   39 25   39 27   39 28   39 29   39 30   39 32   
39 33   39 34   39 35   39 36   39 37   39 40   39 41   39 42   39 43   39 44   
39 45   39 46   39 47   39 49   40 2   40 3   40 5   40 6   40 7   40 8   
40 10   40 11   40 13   40 14   40 15   40 16   40 17   40 18   40 19   40 20   
40 21   40 22   40 24   40 25   40 27   40 30   40 32   40 33   40 34   40 35   
40 36   40 38   40 39   40 42   40 43   40 44   40 46   40 47   40 49   40 50   
41 2   41 3   41 5   41 6   41 7   41 8   41 9   41 10   41 11   41 12   
41 13   41 14   41 16   41 17   41 18   41 19   41 20   41 21   41 22   41 23   
41 24   41 26   41 27   41 28   41 29   41 30   41 31   41 33   41 34   41 35   
41 37   41 38   41 39   41 40   41 42   41 43   41 44   41 45   41 47   41 48   
41 50   42 2   42 3   42 4   42 5   42 6   42 8   42 9   42 10   42 11   
42 12   42 13   42 14   42 15   42 17   42 18   42 20   42 21   42 23   42 24   
42 25   42 26   42 27   42 28   42 29   42 30   42 31   42 32   42 33   42 34   
42 38   42 39   42 40   42 41   42 44   42 45   42 47   42 48   43 1   43 2   
43 4   43 5   43 6   43 7   43 8   43 11   43 12   43 14   43 15   43 16   
43 17   43 18   43 19   43 20   43 22   43 23   43 29   43 31   43 32   43 33   
43 34   43 38   43 39   43 40   43 41   43 44   43 45   43 46   43 48   43 49   
43 50   44 3   44 5   44 6   44 7   44 10   44 11   44 12   44 14   44 16   
44 17   44 18   44 21   44 22   44 23   44 24   44 25   44 26   44 27   44 28   
44 29   44 31   44 32   44 33   44 35   44 36   44 37   44 39   44 41   44 45   
44 46   44 47   44 48   44 50   45 2   45 5   45 6   45 7   45 9   45 10   
45 11   45 12   45 13   45 14   45 15   45 17   45 18   45 19   45 20   45 21   
45 22   45 23   45 24   45 25   45 26   45 27   45 28   45 29   45 30   45 31   
45 33   45 36   45 37   45 38   45 39   45 40   45 41   45 42   45 44   45 46   
45 47   45 48   45 49   46 1   46 2   46 3   46 6   46 10   46 11   46 12   
46 14   46 15   46 16   46 17   46 18   46 19   46 20   46 21   46 22   46 23   
46 24   46 25   46 27   46 29   46 30   46 31   46 32   46 33   46 34   46 35   
46 38   46 39   46 40   46 41   46 43   46 44   46 45   46 47   46 48   46 49   
46 50   47 1   47 3   47 4   47 5   47 7   47 8   47 9   47 11   47 12   
47 13   47 14   47 15   47 16   47 17   47 18   47 20   47 21   47 22   47 23   
47 24   47 25   47 26   47 27   47 30   47 31   47 32   47 34   47 36   47 37   
47 38   47 39   47 40   47 41   47 43   47 44   47 45   47 46   47 48   47 49   
48 1   48 2   48 3   48 4   48 5   48 6   48 9   48 11   48 12   48 13   
48 14   48 15   48 18   48 19   48 20   48 22   48 23   48 24   48 26   48 27   
48 28   48 29   48 30   48 31   48 33   48 34   48 35   48 36   48 37   48 38   
48 39   48 40   48 41   48 43   48 45   48 46   48 49   49 2   49 4   49 5   
49 6   49 7   49 10   49 11   49 13   49 14   49 15   49 17   49 18   49 20   
49 22   49 24   49 25   49 26   49 27   49 28   49 29   49 30   49 33   49 34   
49 36   49 37   49 38   49 40   49 41   49 42   49 43   49 44   49 45   49 46   
49 47   49 48   49 50   50 1   50 2   50 3   50 4   50 5   50 6   50 7   
50 9   50 10   50 11   50 12   50 13   50 14   50 15   50 16   50 17   50 18   
50 22   50 23   50 25   50 26   50 27   50 28   50 29   50 31   50 32   50 33   
50 35   50 36   50 37   50 38   50 39   50 42   50 43   50 44   50 46   50 47   
50 48   50 49   ;

param od :=
1 2 0.31   1 4 2.72   1 5 3.67   1 6 0.72   1 7 3.18   1 8 1.82   1 10 0.69   1 11 4.13   1 12 3.33   1 14 4.94   
1 15 1.77   1 16 2.47   1 17 0.28   1 18 1.18   1 19 1.19   1 20 4.83   1 21 4.14   1 22 0.96   1 24 1.59   1 25 0.1   
1 27 2.72   1 28 4.03   1 30 4.39   1 31 0.63   1 32 0.03   1 35 1.51   1 37 0.28   1 38 1.74   1 39 4.85   1 40 3.43   
1 41 2.01   1 42 2.04   1 43 4.92   1 44 0.62   1 45 1.74   1 46 1.84   1 47 2.88   1 48 2.8   1 49 0.76   1 50 2.26   
2 1 1.17   2 4 0.38   2 5 0.87   2 6 4.98   2 7 2.66   2 8 2.49   2 9 0.26   2 10 0.06   2 11 3.7   2 12 3.46   
2 14 4.79   2 15 3.01   2 17 2.08   2 18 1.32   2 19 3.77   2 20 1.28   2 21 2.64   2 22 2.36   2 24 0.63   2 25 3.29   
2 26 1.11   2 27 2.37   2 29 4.68   2 30 1.03   2 31 1.68   2 32 4.56   2 33 1.07   2 34 0.37   2 35 3.54   2 36 4.59   
2 40 2.6   2 44 4.25   2 45 1.55   2 46 0.29   2 47 2.26   2 48 1.28   2 49 0.63   2 50 0.46   3 1 1.16   3 4 2.28   
3 5 2.19   3 7 4.3   3 8 2.06   3 9 4.05   3 12 2.47   3 13 1.31   3 14 3.2   3 15 3.8   3 16 4.6   3 17 2.58   
3 19 2.27   3 20 4.83   3 21 2.24   3 22 2.46   3 25 2.47   3 26 1.47   3 27 3.26   3 29 1.19   3 31 4.32   3 32 1.03   
3 33 4.02   3 35 2.55   3 36 0.99   3 37 3.91   3 38 3.37   3 40 4.01   3 41 0.53   3 42 0.83   3 43 2.23   3 44 1.53   
3 46 0.98   3 47 1.65   3 48 0.96   3 49 2.58   3 50 3.16   4 1 2.44   4 3 4.19   4 5 3.57   4 9 2.4   4 10 0.97   
4 11 2.38   4 12 3.82   4 15 1.65   4 16 1.89   4 17 2.55   4 18 2.65   4 19 1.5   4 20 3.5   4 22 1.64   4 23 2.81   
4 24 4.21   4 26 3.8   4 27 0.15   4 28 4.74   4 29 4.65   4 30 2.2   4 31 3.01   4 32 3.81   4 36 3.59   4 37 1.81   
4 38 2.32   4 39 3.66   4 40 4.53   4 42 2.45   4 43 3.32   4 44 0.87   4 45 4.2   4 47 3.22   4 49 3.72   4 50 4.51   
5 1 2.27   5 2 2.02   5 3 3.94   5 6 0.5   5 8 0.88   5 9 4.49   5 11 0.47   5 13 3.99   5 14 2.85   5 16 1.93   
5 18 0.68   5 21 4.28   5 22 1.37   5 24 1.93   5 26 4.72   5 27 4.34   5 29 4.86   5 31 3.67   5 32 1.41   5 33 4.81   
5 34 3.76   5 35 4.58   5 36 2.3   5 37 3.29   5 38 0.82   5 39 2.07   5 40 0.22   5 41 3.07   5 42 1.28   5 43 3.41   
5 44 1.25   5 45 1.43   5 47 3.59   5 48 4.9   5 50 3.03   6 1 3.45   6 2 0.82   6 3 3.96   6 4 0.72   6 5 1.13   
6 7 0.25   6 8 2.44   6 9 4.84   6 10 2.95   6 11 2.99   6 12 2.83   6 13 1.86   6 15 2.52   6 16 4.0   6 17 0.43   
6 18 2.36   6 19 1.12   6 20 0.04   6 21 1.59   6 22 4.63   6 23 0.43   6 26 1.62   6 27 1.18   6 28 1.0   6 29 0.18   
6 30 4.11   6 33 1.31   6 34 3.81   6 36 2.65   6 37 1.32   6 38 0.86   6 39 3.8   6 40 0.8   6 42 3.81   6 43 1.55   
6 44 3.28   6 46 3.41   6 48 3.91   6 49 2.58   6 50 2.41   7 1 4.32   7 2 0.5   7 4 3.9   7 5 3.47   7 6 1.18   
7 8 2.52   7 9 0.19   7 11 1.21   7 12 2.32   7 13 3.76   7 14 0.13   7 15 1.65   7 16 0.33   7 18 4.93   7 19 0.23   
7 20 3.1   7 21 1.36   7 22 4.85   7 23 2.28   7 26 0.86   7 27 1.78   7 28 0.54   7 29 0.21   7 30 1.68   7 31 0.1   
7 32 0.09   7 33 2.88   7 34 0.03   7 36 1.03   7 39 2.86   7 40 0.14   7 41 0.33   7 42 2.07   7 43 3.79   7 44 0.69   
7 45 3.37   7 46 3.04   7 47 2.64   7 48 4.03   7 49 3.55   8 1 2.82   8 2 1.55   8 4 1.95   8 5 2.49   8 6 4.22   
8 7 1.39   8 11 4.56   8 12 0.55   8 13 4.89   8 14 4.72   8 15 3.06   8 16 0.16   8 17 2.72   8 18 2.83   8 19 1.58   
8 21 4.31   8 26 1.13   8 27 1.46   8 28 2.44   8 29 0.56   8 30 3.84   8 31 3.95   8 32 2.63   8 34 0.88   8 36 1.79   
8 37 1.31   8 39 3.78   8 40 0.05   8 42 2.09   8 45 3.86   8 46 3.34   8 47 4.49   8 49 0.02   9 1 0.44   9 2 1.97   
9 3 0.32   9 4 0.3   9 5 1.02   9 6 3.59   9 7 2.94   9 10 2.25   9 12 1.34   9 13 4.38   9 14 3.94   9 15 0.92   
9 16 4.77   9 17 4.1   9 18 4.03   9 20 1.71   9 21 4.17   9 22 3.52   9 23 3.57   9 24 1.76   9 26 2.03   9 27 1.32   
9 28 4.25   9 29 0.23   9 30 2.25   9 32 0.96   9 34 4.23   9 35 0.34   9 37 1.77   9 38 2.6   9 40 0.16   9 43 4.18   
9 44 3.69   9 45 3.2   9 47 1.65   9 48 0.83   9 49 4.98   9 50 4.95   10 1 1.64   10 2 3.82   10 3 0.54   10 6 4.13   
10 8 2.57   10 13 0.26   10 15 2.53   10 16 2.47   10 18 1.24   10 19 1.08   10 21 1.78   10 22 1.59   10 24 3.42   10 25 0.54   
10 26 0.51   10 27 4.69   10 28 2.09   10 30 0.36   10 31 2.96   10 32 0.15   10 33 2.45   10 34 2.75   10 35 2.47   10 36 4.92   
10 37 1.77   10 38 2.9   10 39 3.62   10 40 0.56   10 41 0.72   10 43 3.11   10 44 2.53   10 45 1.28   10 46 3.7   10 49 1.99   
10 50 3.66   11 1 1.52   11 4 0.06   11 7 0.73   11 8 1.17   11 9 2.75   11 10 2.4   11 12 4.46   11 14 2.22   11 15 3.39   
11 16 2.83   11 17 2.38   11 19 2.82   11 20 1.5   11 21 4.42   11 22 3.69   11 24 2.62   11 25 3.81   11 26 3.24   11 28 2.93   
11 29 3.88   11 30 2.56   11 31 1.05   11 33 3.12   11 35 4.41   11 36 2.92   11 37 1.51   11 38 0.99   11 39 2.44   11 40 1.43   
11 41 0.7   11 42 0.51   11 44 3.91   11 46 2.05   11 47 1.15   11 48 3.18   11 49 2.94   11 50 3.66   12 2 4.0   12 3 0.21   
12 4 4.75   12 5 1.52   12 6 4.96   12 7 3.26   12 10 0.53   12 11 4.42   12 13 0.58   12 15 1.05   12 16 3.68   12 17 0.81   
12 18 1.01   12 20 2.13   12 21 2.96   12 22 4.49   12 23 1.01   12 24 1.67   12 25 0.06   12 27 1.59   12 28 3.19   12 30 1.32   
12 31 3.98   12 32 0.54   12 33 4.42   12 34 0.83   12 35 3.28   12 36 3.42   12 39 3.62   12 40 4.67   12 41 2.44   12 44 3.58   
12 45 2.98   12 46 3.0   12 47 2.49   12 48 4.99   12 50 2.8   13 1 3.87   13 3 2.93   13 5 1.75   13 6 0.99   13 7 3.01   
13 8 1.98   13 9 1.62   13 10 0.6   13 11 3.9   13 12 4.21   13 14 1.62   13 15 4.8   13 16 2.56   13 17 4.09   13 18 0.72   
13 19 4.46   13 21 2.87   13 25 4.9   13 26 4.39   13 27 1.67   13 28 2.59   13 29 4.99   13 30 1.4   13 31 4.42   13 32 2.69   
13 33 3.4   13 35 3.14   13 37 1.63   13 38 1.0   13 39 4.12   13 40 2.58   13 41 0.02   13 42 2.02   13 43 0.73   13 44 4.36   
13 45 3.22   13 48 2.4   13 49 3.82   13 50 1.38   14 1 3.37   14 2 4.89   14 3 1.92   14 4 1.14   14 6 0.9   14 8 3.72   
14 9 0.32   14 10 1.04   14 12 3.69   14 13 4.48   14 15 3.8   14 16 1.85   14 17 2.45   14 18 3.92   14 19 1.69   14 21 4.75   
14 22 0.34   14 24 1.57   14 25 1.33   14 26 2.09   14 27 1.64   14 28 3.52   14 30 4.99   14 33 3.98   14 34 3.47   14 36 2.86   
14 37 3.98   14 38 0.55   14 40 2.14   14 42 0.02   14 43 3.39   14 44 4.96   14 45 1.66   14 46 0.83   14 48 0.24   14 49 3.73   
14 50 2.08   15 1 1.93   15 2 4.33   15 4 0.89   15 5 0.56   15 7 3.93   15 8 0.99   15 9 1.53   15 10 4.99   15 12 4.25   
15 13 3.21   15 14 0.46   15 18 2.16   15 19 4.82   15 20 5.0   15 21 4.41   15 23 0.18   15 24 0.55   15 26 3.24   15 29 4.98   
15 30 2.03   15 31 4.09   15 32 4.31   15 33 3.62   15 36 2.55   15 37 0.58   15 38 0.26   15 39 0.35   15 41 2.79   15 42 3.15   
15 44 1.25   15 46 0.96   15 48 0.79   15 49 1.98   15 50 1.77   16 2 4.95   16 4 0.8   16 6 1.51   16 7 1.18   16 8 1.91   
16 10 4.35   16 14 4.67   16 15 2.21   16 17 5.0   16 18 1.21   16 19 3.4   16 20 2.44   16 21 4.33   16 22 1.85   16 23 3.66   
16 24 4.2   16 25 3.94   16 26 3.17   16 27 1.6   16 28 2.21   16 29 0.32   16 30 1.61   16 31 3.1   16 32 1.16   16 33 1.49   
16 34 0.15   16 35 3.39   16 36 4.82   16 39 0.88   16 40 4.55   16 42 1.07   16 43 0.62   16 45 3.41   16 46 2.55   16 47 4.92   
16 48 2.64   16 49 3.24   17 1 1.99   17 2 2.42   17 3 1.38   17 4 4.64   17 5 0.57   17 6 4.88   17 8 3.77   17 9 3.28   
17 10 1.38   17 11 2.5   17 12 4.44   17 13 2.6   17 14 1.68   17 16 0.77   17 18 0.52   17 19 0.78   17 20 3.64   17 21 3.92   
17 22 0.01   17 23 3.27   17 24 1.05   17 25 3.23   17 26 2.02   17 28 3.81   17 29 1.96   17 30 1.76   17 31 1.38   17 32 2.22   
17 33 4.23   17 34 0.9   17 35 0.46   17 36 2.53   17 38 0.06   17 39 3.06   17 40 4.1   17 41 0.62   17 42 0.05   17 45 1.9   
17 46 2.59   17 47 2.54   17 48 1.24   17 49 2.66   18 1 1.44   18 2 4.63   18 3 3.77   18 5 1.15   18 6 0.66   18 7 2.41   
18 8 1.45   18 9 3.49   18 10 0.37   18 11 4.83   18 12 4.15   18 13 4.45   18 15 4.24   18 16 3.04   18 17 3.02   18 22 3.7   
18 23 4.55   18 24 1.1   18 26 2.5   18 27 3.1   18 28 1.68   18 29 2.01   18 30 1.6   18 33 4.18   18 34 0.85   18 36 0.34   
18 39 3.82   18 40 4.43   18 41 4.06   18 42 3.6   18 44 1.17   18 45 0.13   18 46 4.16   18 47 3.99   18 48 2.64   18 49 0.18   
18 50 1.77   19 1 1.46   19 2 3.41   19 3 0.95   19 4 4.25   19 5 3.38   19 6 3.74   19 8 3.35   19 10 1.28   19 11 1.81   
19 12 3.21   19 13 4.27   19 14 0.61   19 15 3.57   19 16 0.81   19 18 4.97   19 20 2.45   19 21 4.63   19 22 1.79   19 23 4.33   
19 24 2.52   19 28 4.97   19 31 4.39   19 32 4.5   19 33 1.81   19 34 1.63   19 35 3.36   19 36 4.55   19 38 3.07   19 39 4.3   
19 40 2.2   19 41 2.32   19 42 3.87   19 43 2.41   19 44 1.78   19 45 2.83   19 46 3.14   19 49 1.67   19 50 4.52   20 1 0.67   
20 2 4.14   20 4 3.58   20 7 0.03   20 8 1.05   20 9 0.2   20 10 3.79   20 11 0.84   20 12 4.55   20 13 3.96   20 14 2.16   
20 16 4.04   20 19 2.01   20 21 0.49   20 22 1.15   20 24 3.17   20 25 4.38   20 26 0.26   20 27 3.87   20 28 1.94   20 29 4.76   
20 31 2.54   20 32 1.55   20 33 3.68   20 34 2.13   20 35 3.62   20 37 0.74   20 38 4.21   20 39 4.2   20 40 3.77   20 41 4.76   
20 42 0.63   20 43 4.99   20 44 4.73   20 45 4.33   20 46 2.07   20 47 4.37   20 48 2.82   20 50 2.89   21 3 1.28   21 4 1.58   
21 6 3.0   21 7 1.48   21 8 0.56   21 9 0.65   21 10 2.39   21 12 1.37   21 13 1.73   21 14 0.91   21 15 2.82   21 16 2.71   
21 17 3.27   21 19 0.51   21 20 0.53   21 22 2.7   21 23 2.82   21 24 3.97   21 25 3.27   21 26 4.45   21 29 2.19   21 30 0.62   
21 31 1.93   21 32 4.23   21 35 2.17   21 37 1.05   21 38 4.34   21 39 3.74   21 40 4.41   21 41 4.12   21 42 2.13   21 43 2.97   
21 44 0.7   21 45 1.81   21 46 1.23   21 47 3.36   21 48 3.09   21 49 4.55   22 1 2.22   22 2 0.83   22 3 4.53   22 4 4.25   
22 5 3.71   22 6 0.44   22 7 4.22   22 10 1.85   22 11 4.62   22 12 0.67   22 14 1.24   22 16 2.31   22 17 1.96   22 18 2.57   
22 19 4.75   22 20 1.38   22 21 0.54   22 23 4.42   22 24 1.24   22 25 2.74   22 26 1.27   22 27 3.58   22 29 1.11   22 30 3.26   
22 31 3.42   22 32 2.08   22 33 1.28   22 35 3.09   22 36 4.18   22 37 4.95   22 38 2.35   22 40 0.47   22 42 0.12   22 43 3.2   
22 45 0.21   22 46 1.69   22 47 4.28   22 48 1.22   22 49 1.37   22 50 3.6   23 1 0.92   23 2 2.16   23 4 1.06   23 5 2.59   
23 6 1.91   23 7 3.49   23 8 1.88   23 9 3.59   23 10 2.6   23 13 4.57   23 14 4.49   23 15 3.74   23 16 4.62   23 17 3.81   
23 18 0.42   23 19 4.48   23 20 2.63   23 21 3.06   23 24 1.47   23 25 2.64   23 27 3.39   23 28 3.99   23 29 1.75   23 30 2.92   
23 31 1.46   23 34 4.47   23 35 3.56   23 36 2.85   23 37 0.56   23 38 0.86   23 39 1.46   23 40 2.78   23 41 3.66   23 42 4.31   
23 43 1.6   23 47 2.85   23 48 4.33   23 49 0.26   23 50 4.11   24 1 3.25   24 2 0.41   24 3 3.35   24 4 3.32   24 7 3.64   
24 8 3.48   24 9 2.72   24 10 4.63   24 11 2.1   24 12 0.72   24 13 4.6   24 14 2.45   24 15 2.4   24 16 1.62   24 17 0.67   
24 18 2.44   24 19 2.73   24 21 2.17   24 22 4.93   24 26 1.81   24 27 2.88   24 29 2.76   24 30 1.26   24 31 2.73   24 32 2.58   
24 33 4.39   24 34 0.23   24 35 2.64   24 36 2.28   24 37 3.67   24 38 0.22   24 39 3.6   24 40 3.33   24 41 0.61   24 43 3.11   
24 45 2.97   24 46 3.61   24 47 3.06   24 48 1.86   25 1 3.56   25 2 3.5   25 3 3.5   25 4 3.95   25 6 3.66   25 9 4.3   
25 10 2.31   25 13 0.76   25 14 3.55   25 15 1.2   25 18 3.43   25 19 4.99   25 20 3.99   25 21 4.71   25 23 4.89   25 24 3.32   
25 26 1.99   25 27 1.31   25 29 1.94   25 30 2.96   25 31 0.3   25 32 1.08   25 33 3.88   25 34 4.65   25 35 0.14   25 36 0.06   
25 37 2.53   25 38 0.26   25 39 2.78   25 41 0.28   25 43 2.88   25 45 2.6   25 47 3.77   25 49 4.35   25 50 3.39   26 1 1.17   
26 2 4.22   26 3 4.58   26 4 4.29   26 5 1.56   26 6 0.89   26 7 2.17   26 10 3.2   26 11 2.65   26 12 0.98   26 13 4.6   
26 14 4.39   26 17 1.35   26 18 1.98   26 21 0.2   26 23 3.18   26 24 4.27   26 25 2.25   26 27 3.17   26 29 0.98   26 30 3.38   
26 31 3.59   26 35 3.53   26 36 4.86   26 37 2.86   26 38 4.82   26 40 3.67   26 41 3.94   26 43 0.88   26 44 0.54   26 45 2.59   
26 47 0.19   27 1 1.48   27 3 1.12   27 4 2.67   27 7 2.99   27 8 2.98   27 9 4.13   27 10 3.68   27 11 3.3   27 13 1.45   
27 14 3.84   27 15 3.03   27 16 0.05   27 18 3.72   27 19 1.76   27 20 3.77   27 22 1.86   27 23 2.91   27 24 3.63   27 25 3.55   
27 26 3.5   27 28 0.17   27 29 3.27   27 30 3.92   27 31 1.04   27 32 1.64   27 33 4.42   27 35 3.63   27 36 2.59   27 37 3.01   
27 38 1.15   27 39 3.87   27 40 4.08   27 41 4.63   27 42 0.04   27 43 0.8   27 44 0.29   27 45 3.05   27 47 2.01   27 49 3.18   
28 1 3.76   28 3 1.91   28 5 0.95   28 6 1.03   28 7 0.72   28 8 2.93   28 9 2.16   28 11 4.79   28 13 0.91   28 14 0.91   
28 15 0.7   28 16 3.18   28 17 1.37   28 19 4.46   28 20 1.91   28 22 2.64   28 23 1.54   28 25 3.69   28 27 3.01   28 30 4.34   
28 31 3.25   28 33 2.64   28 34 2.59   28 35 1.72   28 37 3.39   28 38 3.65   28 39 3.03   28 40 0.66   28 41 1.18   28 42 4.85   
28 43 4.75   28 44 1.8   28 46 1.99   28 47 0.69   28 48 2.26   28 49 3.57   28 50 3.32   29 1 4.73   29 3 4.12   29 4 0.44   
29 5 2.57   29 6 3.89   29 7 1.79   29 9 2.13   29 10 3.08   29 13 4.18   29 14 1.39   29 16 1.38   29 17 2.18   29 21 3.13   
29 22 2.32   29 24 1.78   29 25 2.12   29 26 0.95   29 27 3.04   29 28 2.62   29 30 1.2   29 31 4.51   29 32 1.9   29 33 0.78   
29 34 0.06   29 35 1.42   29 36 4.98   29 37 4.39   29 38 2.6   29 39 1.38   29 40 4.28   29 41 0.49   29 44 1.51   29 45 0.02   
29 46 3.21   29 49 2.84   29 50 4.01   30 1 3.37   30 2 2.26   30 3 4.7   30 4 1.18   30 5 2.16   30 6 4.33   30 7 1.75   
30 8 3.33   30 9 3.21   30 10 3.7   30 12 0.86   30 14 3.82   30 15 4.4   30 16 1.19   30 17 2.02   30 18 1.65   30 19 1.51   
30 20 4.21   30 21 0.19   30 22 1.27   30 23 0.0   30 24 2.81   30 25 0.81   30 27 1.46   30 28 0.43   30 31 1.15   30 32 3.92   
30 34 4.01   30 36 5.0   30 38 3.43   30 39 1.9   30 40 0.17   30 42 1.87   30 43 0.4   30 44 0.63   30 46 0.52   30 47 2.06   
30 48 1.2   30 49 2.92   30 50 4.71   31 1 0.96   31 2 1.68   31 3 2.56   31 4 2.69   31 6 0.87   31 7 3.31   31 8 0.21   
31 9 3.2   31 10 1.09   31 11 3.32   31 12 3.27   31 13 0.29   31 14 4.67   31 15 2.12   31 16 0.07   31 17 3.16   31 18 2.34   
31 19 1.0   31 21 4.08   31 22 1.57   31 24 4.13   31 25 1.0   31 26 2.39   31 27 1.34   31 28 3.36   31 29 4.61   31 30 1.64   
31 33 2.54   31 34 4.77   31 35 2.01   31 36 2.86   31 37 3.05   31 38 1.01   31 39 1.11   31 42 0.04   31 43 3.45   31 44 4.32   
31 45 1.11   31 48 2.73   31 49 1.25   31 50 2.35   32 1 4.2   32 2 1.86   32 3 4.87   32 4 0.26   32 5 4.66   32 7 3.67   
32 8 3.15   32 9 2.84   32 12 2.41   32 15 2.19   32 16 4.22   32 17 1.19   32 19 3.78   32 21 3.88   32 22 1.36   32 23 1.65   
32 24 2.92   32 25 4.18   32 26 4.63   32 27 2.31   32 29 4.62   32 31 0.64   32 33 1.02   32 34 0.76   32 35 4.71   32 36 3.54   
32 37 4.82   32 40 0.17   32 41 2.6   32 42 1.0   32 43 4.25   32 45 1.78   32 47 4.53   32 48 1.0   32 49 1.86   33 1 4.85   
33 3 3.27   33 4 4.09   33 6 0.54   33 7 2.67   33 8 4.17   33 10 1.91   33 11 4.25   33 13 0.17   33 14 2.85   33 15 2.71   
33 17 2.24   33 18 4.51   33 19 4.38   33 22 1.26   33 23 1.52   33 24 2.69   33 25 2.52   33 26 2.81   33 27 3.3   33 30 3.88   
33 31 0.71   33 32 4.9   33 34 4.11   33 35 4.55   33 37 3.11   33 38 1.41   33 39 2.05   33 40 2.93   33 41 2.1   33 42 2.08   
33 43 3.55   33 44 3.59   33 45 3.29   33 46 4.77   33 47 4.03   33 48 2.25   33 50 1.84   34 1 1.26   34 2 4.84   34 3 0.79   
34 4 4.74   34 6 2.26   34 8 4.17   34 9 1.27   34 11 0.13   34 12 2.68   34 13 4.64   34 15 4.34   34 16 4.79   34 17 0.71   
34 19 0.2   34 20 1.02   34 21 0.86   34 22 0.99   34 24 0.06   34 25 0.67   34 26 3.62   34 27 3.44   34 30 1.93   34 31 4.28   
34 33 3.4   34 35 0.87   34 36 3.9   34 39 1.56   34 40 4.04   34 41 3.73   34 42 1.91   34 43 1.08   34 44 1.38   34 45 0.52   
34 46 3.47   34 47 1.07   34 48 3.16   34 49 2.97   34 50 4.04   35 1 4.34   35 2 0.11   35 3 1.05   35 4 0.17   35 6 1.43   
35 7 3.88   35 8 2.15   35 9 2.01   35 11 3.18   35 12 2.91   35 14 4.55   35 15 2.36   35 16 2.7   35 17 3.65   35 18 1.17   
35 19 0.57   35 20 4.93   35 21 1.4   35 23 0.06   35 25 3.61   35 26 0.54   35 27 4.11   35 28 2.11   35 29 0.07   35 30 4.91   
35 31 0.37   35 32 1.06   35 33 2.58   35 34 1.32   35 36 1.05   35 37 0.65   35 38 0.86   35 39 2.64   35 40 0.97   35 42 2.26   
35 43 3.68   35 44 2.32   35 45 4.58   35 46 3.66   35 48 0.06   35 49 3.05   36 1 1.61   36 2 0.08   36 3 4.6   36 4 2.81   
36 5 1.54   36 6 0.72   36 7 0.89   36 8 2.25   36 9 1.21   36 11 3.44   36 12 3.27   36 14 3.19   36 16 4.08   36 18 1.8   
36 19 0.53   36 20 2.1   36 21 0.48   36 23 4.9   36 26 2.83   36 27 4.72   36 28 3.02   36 29 2.63   36 31 2.71   36 32 2.04   
36 34 2.97   36 37 4.36   36 40 0.39   36 41 2.93   36 42 3.55   36 43 2.01   36 44 1.0   36 46 4.57   36 47 0.75   36 49 1.28   
36 50 0.14   37 2 2.11   37 3 3.06   37 4 1.24   37 6 2.31   37 7 0.22   37 8 2.27   37 10 1.44   37 11 1.43   37 12 1.89   
37 13 3.63   37 14 1.26   37 17 0.55   37 19 0.2   37 20 0.0   37 21 2.89   37 22 4.81   37 23 1.97   37 24 3.34   37 25 3.55   
37 26 2.51   37 27 4.68   37 28 0.49   37 29 1.59   37 31 4.08   37 32 0.17   37 33 2.42   37 34 1.88   37 35 4.58   37 38 2.6   
37 39 1.19   37 41 1.87   37 42 0.2   37 44 4.38   37 45 3.31   37 48 2.95   37 49 0.56   38 1 0.39   38 4 2.11   38 7 0.78   
38 8 2.74   38 9 2.52   38 10 1.44   38 11 4.0   38 12 3.07   38 14 3.13   38 15 2.66   38 16 0.13   38 18 4.01   38 19 1.82   
38 20 2.39   38 21 2.01   38 23 2.12   38 24 0.04   38 27 1.98   38 28 4.98   38 29 0.14   38 30 0.34   38 31 1.32   38 32 0.12   
38 33 2.0   38 34 0.91   38 35 4.0   38 36 0.45   38 37 4.12   38 40 2.08   38 41 0.36   38 42 3.03   38 43 0.93   38 46 3.92   
38 48 4.39   38 49 4.71   38 50 2.73   39 1 4.71   39 2 3.48   39 3 3.31   39 5 0.64   39 6 3.25   39 7 3.72   39 8 3.67   
39 9 3.88   39 11 3.6   39 12 3.03   39 13 2.13   39 14 3.39   39 15 2.62   39 16 1.34   39 17 3.79   39 19 0.59   39 20 2.44   
39 21 3.31   39 22 3.92   39 23 1.51   39 24 0.73   39 25 3.73   39 27 2.81   39 28 3.43   39 29 3.11   39 30 4.18   39 32 4.44   
39 33 1.96   39 34 0.32   39 35 4.18   39 36 2.21   39 37 0.95   39 40 4.95   39 41 4.63   39 42 3.26   39 43 4.79   39 44 0.35   
39 45 2.55   39 46 3.56   39 47 0.58   39 49 0.99   40 2 4.51   40 3 2.19   40 5 3.94   40 6 2.79   40 7 3.5   40 8 3.3   
40 10 0.82   40 11 0.12   40 13 2.42   40 14 2.33   40 15 1.12   40 16 3.2   40 17 1.01   40 18 1.94   40 19 1.85   40 20 3.87   
40 21 1.76   40 22 2.38   40 24 2.76   40 25 1.23   40 27 2.25   40 30 3.68   40 32 0.46   40 33 0.58   40 34 0.79   40 35 0.46   
40 36 4.05   40 38 2.28   40 39 1.69   40 42 3.49   40 43 3.99   40 44 4.17   40 46 3.59   40 47 0.15   40 49 0.05   40 50 1.57   
41 2 0.06   41 3 0.05   41 5 3.51   41 6 1.59   41 7 2.52   41 8 2.45   41 9 1.07   41 10 2.54   41 11 1.32   41 12 4.22   
41 13 1.83   41 14 2.16   41 16 2.36   41 17 4.42   41 18 1.26   41 19 2.46   41 20 4.04   41 21 2.57   41 22 3.82   41 23 0.14   
41 24 0.16   41 26 3.25   41 27 4.02   41 28 0.72   41 29 4.74   41 30 4.22   41 31 2.67   41 33 3.85   41 34 1.55   41 35 2.24   
41 37 0.6   41 38 0.64   41 39 1.81   41 40 4.6   41 42 0.14   41 43 1.9   41 44 4.53   41 45 2.14   41 47 4.5   41 48 2.02   
41 50 2.65   42 2 0.37   42 3 3.95   42 4 4.73   42 5 0.11   42 6 0.33   42 8 1.42   42 9 1.31   42 10 4.48   42 11 3.72   
42 12 0.67   42 13 0.48   42 14 4.57   42 15 2.84   42 17 1.63   42 18 1.92   42 20 2.88   42 21 4.13   42 23 1.6   42 24 3.82   
42 25 2.82   42 26 4.72   42 27 1.04   42 28 0.97   42 29 2.57   42 30 4.54   42 31 2.1   42 32 3.34   42 33 2.94   42 34 3.86   
42 38 1.51   42 39 1.52   42 40 0.08   42 41 0.16   42 44 2.43   42 45 2.74   42 47 2.74   42 48 4.34   43 1 2.13   43 2 1.62   
43 4 0.48   43 5 4.71   43 6 1.78   43 7 4.12   43 8 2.43   43 11 3.35   43 12 1.62   43 14 2.06   43 15 3.89   43 16 2.09   
43 17 3.5   43 18 2.85   43 19 0.24   43 20 4.05   43 22 3.11   43 23 0.05   43 29 4.05   43 31 1.79   43 32 3.51   43 33 1.23   
43 34 4.77   43 38 2.34   43 39 0.53   43 40 0.94   43 41 2.03   43 44 2.53   43 45 1.92   43 46 3.67   43 48 0.02   43 49 1.57   
43 50 4.17   44 3 3.6   44 5 3.73   44 6 0.76   44 7 2.57   44 10 3.85   44 11 4.97   44 12 0.89   44 14 0.26   44 16 3.74   
44 17 3.63   44 18 1.56   44 21 3.04   44 22 1.93   44 23 3.57   44 24 4.23   44 25 1.76   44 26 4.76   44 27 4.78   44 28 3.01   
44 29 3.36   44 31 2.01   44 32 4.64   44 33 3.0   44 35 1.04   44 36 1.54   44 37 0.9   44 39 1.07   44 41 1.76   44 45 3.71   
44 46 0.19   44 47 4.17   44 48 3.97   44 50 0.52   45 2 4.77   45 5 4.7   45 6 1.59   45 7 0.85   45 9 4.72   45 10 0.23   
45 11 1.17   45 12 0.55   45 13 3.18   45 14 4.07   45 15 4.61   45 17 4.4   45 18 1.61   45 19 0.13   45 20 4.25   45 21 2.06   
45 22 2.05   45 23 4.45   45 24 4.03   45 25 1.92   45 26 3.07   45 27 4.02   45 28 2.4   45 29 1.11   45 30 2.44   45 31 2.28   
45 33 1.83   45 36 3.05   45 37 1.82   45 38 3.34   45 39 2.33   45 40 3.46   45 41 3.13   45 42 0.52   45 44 2.32   45 46 4.91   
45 47 2.97   45 48 1.79   45 49 2.62   46 1 2.22   46 2 2.25   46 3 3.59   46 6 3.55   46 10 3.36   46 11 2.22   46 12 0.43   
46 14 0.35   46 15 2.82   46 16 2.0   46 17 2.94   46 18 0.16   46 19 3.22   46 20 1.19   46 21 0.44   46 22 3.53   46 23 0.3   
46 24 4.9   46 25 0.71   46 27 0.68   46 29 4.3   46 30 2.67   46 31 4.16   46 32 2.27   46 33 2.27   46 34 0.91   46 35 4.06   
46 38 2.26   46 39 4.64   46 40 4.08   46 41 1.88   46 43 3.81   46 44 0.44   46 45 3.56   46 47 2.11   46 48 1.13   46 49 4.75   
46 50 4.75   47 1 0.98   47 3 2.45   47 4 4.92   47 5 0.55   47 7 4.98   47 8 0.06   47 9 4.36   47 11 3.61   47 12 0.19   
47 13 2.53   47 14 1.61   47 15 2.15   47 16 0.1   47 17 2.52   47 18 4.46   47 20 2.51   47 21 1.92   47 22 1.03   47 23 0.69   
47 24 1.76   47 25 2.27   47 26 4.15   47 27 2.57   47 30 4.98   47 31 1.71   47 32 1.38   47 34 1.55   47 36 1.82   47 37 0.65   
47 38 1.07   47 39 4.47   47 40 2.56   47 41 3.9   47 43 3.39   47 44 0.55   47 45 4.15   47 46 2.77   47 48 3.02   47 49 0.1   
48 1 1.35   48 2 0.24   48 3 3.75   48 4 1.26   48 5 4.48   48 6 4.27   48 9 3.73   48 11 1.63   48 12 4.55   48 13 2.69   
48 14 1.71   48 15 2.15   48 18 0.3   48 19 2.21   48 20 0.84   48 22 0.88   48 23 0.04   48 24 0.65   48 26 2.14   48 27 3.14   
48 28 0.95   48 29 4.18   48 30 0.82   48 31 2.93   48 33 4.57   48 34 1.49   48 35 3.6   48 36 3.2   48 37 1.42   48 38 0.67   
48 39 0.6   48 40 2.07   48 41 1.27   48 43 4.55   48 45 1.76   48 46 4.87   48 49 1.0   49 2 0.6   49 4 2.92   49 5 3.3   
49 6 2.23   49 7 0.44   49 10 1.09   49 11 1.62   49 13 3.54   49 14 0.02   49 15 0.56   49 17 2.4   49 18 1.26   49 20 2.18   
49 22 0.68   49 24 0.5   49 25 0.95   49 26 0.74   49 27 3.35   49 28 4.3   49 29 2.7   49 30 4.89   49 33 3.81   49 34 4.99   
49 36 2.28   49 37 2.59   49 38 0.17   49 40 3.55   49 41 1.06   49 42 1.02   49 43 0.68   49 44 1.07   49 45 4.54   49 46 4.43   
49 47 2.01   49 48 0.59   49 50 0.32   50 1 1.36   50 2 2.16   50 3 4.58   50 4 1.5   50 5 1.5   50 6 0.9   50 7 1.42   
50 9 0.72   50 10 0.88   50 11 3.32   50 12 4.86   50 13 4.74   50 14 0.32   50 15 0.59   50 16 2.44   50 17 1.85   50 18 4.51   
50 22 3.52   50 23 2.49   50 25 4.86   50 26 2.71   50 27 4.67   50 28 2.19   50 29 2.94   50 31 0.4   50 32 1.24   50 33 1.8   
50 35 3.28   50 36 1.99   50 37 1.17   50 38 1.83   50 39 2.1   50 42 3.48   50 43 0.49   50 44 0.69   50 46 0.12   50 47 1.12   
50 48 0.75   50 49 3.75   ;

param C :=
1 1   2 1   3 1   4 1   5 1   6 1   7 1   8 1   9 1   10 1   
11 1   12 1   13 1   14 1   15 1   16 1   17 1   18 1   19 1   20 1   
21 1   22 1   23 1   24 1   25 1   26 1   27 1   28 1   29 1   30 1   
31 1   32 1   33 1   34 1   35 1   36 1   37 1   38 1   39 1   40 1   
41 1   42 1   43 1   44 1   45 1   46 1   47 1   48 1   49 1   50 1   
51 1   52 1   53 1   54 1   55 1   56 1   57 1   58 1   59 1   60 1   
61 1   62 1   63 1   64 1   65 1   66 1   67 1   68 1   69 1   70 1   
71 1   72 1   73 1   74 1   75 1   76 1   77 1   78 1   79 1   80 1   
81 1   82 1   83 1   84 1   85 1   86 1   87 1   88 1   89 1   90 1   
91 1   92 1   93 1   94 1   95 1   96 1   97 1   98 1   99 1   100 1   
101 1   102 1   103 1   104 1   105 1   106 1   107 1   108 1   109 1   110 1   
111 1   112 1   113 1   114 1   115 1   116 1   117 1   118 1   119 1   120 1   
121 1   122 1   123 1   124 1   125 1   126 1   127 1   128 1   129 1   130 1   
131 1   132 1   133 1   134 1   135 1   136 1   137 1   138 1   139 1   140 1   
141 1   142 1   143 1   144 1   145 1   146 1   147 1   148 1   149 1   150 1   
;

param K :=
1 10   2 10   3 10   4 10   5 10   6 10   7 10   8 10   9 10   10 10   
11 10   12 10   13 10   14 10   15 10   16 10   17 10   18 10   19 10   20 10   
21 10   22 10   23 10   24 10   25 10   26 10   27 10   28 10   29 10   30 10   
31 10   32 10   33 10   34 10   35 10   36 10   37 10   38 10   39 10   40 10   
41 10   42 10   43 10   44 10   45 10   46 10   47 10   48 10   49 10   50 10   
51 10   52 10   53 10   54 10   55 10   56 10   57 10   58 10   59 10   60 10   
61 10   62 10   63 10   64 10   65 10   66 10   67 10   68 10   69 10   70 10   
71 10   72 10   73 10   74 10   75 10   76 10   77 10   78 10   79 10   80 10   
81 10   82 10   83 10   84 10   85 10   86 10   87 10   88 10   89 10   90 10   
91 10   92 10   93 10   94 10   95 10   96 10   97 10   98 10   99 10   100 10   
101 10   102 10   103 10   104 10   105 10   106 10   107 10   108 10   109 10   110 10   
111 10   112 10   113 10   114 10   115 10   116 10   117 10   118 10   119 10   120 10   
121 10   122 10   123 10   124 10   125 10   126 10   127 10   128 10   129 10   130 10   
131 10   132 10   133 10   134 10   135 10   136 10   137 10   138 10   139 10   140 10   
141 10   142 10   143 10   144 10   145 10   146 10   147 10   148 10   149 10   150 10   
;

param line: 1 2 3 4 5 6 7 8 9 10 11 12 13 14 15 16 17 18 19 20 21 22 23 24 25 26 27 28 29 30 31 32 33 34 35 36 37 38 39 40 41 42 43 44 45 46 47 48 49 50 51 52 53 54 55 56 57 58 59 60 61 62 63 64 65 66 67 68 69 70 71 72 73 74 75 76 77 78 79 80 81 82 83 84 85 86 87 88 89 90 91 92 93 94 95 96 97 98 99 100 101 102 103 104 105 106 107 108 109 110 111 112 113 114 115 116 117 118 119 120 121 122 123 124 125 126 127 128 129 130 131 132 133 134 135 136 137 138 139 140 141 142 143 144 145 146 147 148 149 150 :=
1 15 0 0 0 0 0 0 0 0 0 0 0 0 0 0 0 1 0 0 0 0 0 0 0 0 0 0 0 0 0 0 0 0 0 0 0 0 0 0 0 0 0 0 0 0 0 0 0 0 0 0 0 0 0 0 0 0 0 0 0 0 0 0 0 0 0 0 0 0 0 0 0 0 0 0 0 0 0 1 0 0 0 0 0 0 0 1 1 0 0 0 0 0 0 0 0 0 0 0 0 0 0 0 0 0 0 0 0 0 0 0 0 0 0 0 0 0 0 1 0 0 0 1 0 0 0 0 0 0 0 0 0 0 0 0 0 0 0 0 0 0 0 0 1 0 0 1 0 0 0 0 
7 36 0 0 0 0 0 0 0 0 0 0 0 0 0 0 0 0 0 0 0 0 0 0 0 0 0 0 0 0 0 0 0 0 0 0 0 0 0 0 0 0 0 0 0 0 0 1 0 0 0 0 0 0 0 0 0 0 0 0 0 0 0 0 0 0 0 0 0 0 0 0 0 0 0 0 0 0 0 0 0 0 0 0 0 0 0 0 0 0 0 0 0 0 0 0 0 0 0 0 0 0 0 0 0 0 0 0 0 0 0 0 0 0 0 0 0 0 0 0 0 0 0 0 0 0 0 0 0 0 0 0 0 0 0 0 0 0 0 0 0 0 0 0 0 0 0 0 0 0 0 0 
8 20 0 1 0 0 0 0 0 0 0 0 0 0 0 0 0 0 0 0 0 0 0 0 0 0 0 0 0 0 0 0 0 0 0 0 0 0 0 0 0 0 0 0 0 0 0 0 0 0 0 0 0 0 0 0 0 0 0 0 0 0 0 0 0 0 0 0 0 0 0 0 0 0 0 0 0 0 0 0 0 0 0 0 0 0 0 0 0 0 0 0 0 0 0 0 0 0 0 0 0 0 0 0 0 0 0 0 0 0 0 0 0 0 0 0 0 0 0 0 0 0 1 0 0 0 0 0 0 0 0 0 0 0 0 0 0 0 0 0 0 0 0 0 0 0 0 0 0 0 0 0 
8 32 0 0 0 0 0 0 0 0 0 0 0 0 0 0 0 0 0 0 0 0 0 0 0 0 0 0 0 0 0 0 0 0 0 0 0 0 0 0 0 0 0 0 0 0 0 0 0 0 0 0 0 0 0 0 0 0 0 0 0 0 0 0 0 0 0 0 0 0 0 0 0 0 0 0 0 0 0 0 0 0 0 0 0 0 0 0 0 0 0 0 0 0 0 0 0 0 0 0 0 0 0 0 0 0 0 0 0 0 0 0 0 0 0 0 0 1 0 0 0 0 0 0 0 0 1 0 0 0 0 0 0 0 0 0 0 0 0 0 0 0 0 0 0 0 0 0 0 0 0 0 
9 24 0 0 0 0 0 0 0 0 0 0 0 0 0 0 0 0 0 0 0 0 0 0 0 0 0 0 0 0 0 0 0 0 0 0 0 0 0 0 0 0 0 0 0 0 0 0 0 0 0 0 0 0 0 0 0 1 0 0 0 0 0 0 0 0 0 0 0 0 0 0 0 0 0 0 0 0 0 0 0 0 0 0 0 0 0 0 0 0 0 0 1 0 0 0 0 0 0 0 0 0 0 0 0 0 0 0 0 0 0 0 0 0 1 0 0 0 0 0 0 0 0 0 0 0 0 0 0 0 0 0 1 0 0 0 0 0 0 0 0 0 0 0 0 0 0 0 0 0 0 0 
11 46 0 0 0 0 0 0 0 0 0 0 0 0 0 0 0 0 0 0 0 0 0 0 0 0 0 0 0 0 0 0 0 0 0 0 0 0 0 0 0 0 0 0 0 0 0 0 0 0 0 0 0 0 0 0 0 0 0 0 0 0 0 0 0 0 0 0 0 0 0 0 0 0 0 0 0 0 0 0 0 0 0 0 0 0 0 0 0 0 0 0 0 0 0 0 0 0 0 0 0 0 0 0 0 0 0 0 0 0 0 0 0 0 0 0 0 0 0 0 0 0 0 0 0 0 0 0 0 0 0 0 0 0 0 0 0 0 0 0 0 0 0 0 0 0 0 0 0 0 0 0 
11 50 0 0 0 0 0 0 0 0 1 0 0 0 0 0 0 0 0 0 0 0 0 0 0 0 0 0 0 0 0 0 0 0 0 0 0 0 0 0 0 0 0 0 0 0 0 0 0 0 0 0 0 0 0 0 0 0 0 0 0 0 0 0 0 0 0 0 0 0 0 0 0 0 0 0 0 0 0 0 0 0 0 0 0 0 0 0 0 0 0 0 0 0 0 0 0 1 0 0 0 0 0 0 0 0 0 0 0 0 0 0 0 0 0 0 0 0 0 0 0 0 0 0 1 0 0 0 0 0 0 0 0 0 0 0 0 0 0 0 0 0 0 0 0 0 0 0 0 0 0 0 
12 19 0 0 0 0 0 0 0 0 0 0 0 0 0 0 0 0 0 0 0 0 0 0 0 0 0 0 0 0 0 0 0 0 0 0 0 0 0 0 0 0 0 0 0 0 0 0 0 0 0 0 0 0 0 0 0 0 0 0 0 0 0 0 0 0 0 0 0 0 0 0 0 0 0 0 0 0 0 0 0 0 0 0 0 0 0 0 0 0 0 0 0 0 0 0 0 0 0 0 0 0 0 0 0 0 0 0 0 0 0 0 0 0 0 0 0 0 0 0 0 0 0 0 0 0 0 0 0 0 0 0 0 0 0 0 0 0 0 0 0 0 0 0 0 0 0 0 0 0 0 0 
17 13 0 0 0 0 0 0 0 0 0 0 0 0 0 0 1 0 0 0 0 0 0 0 0 0 0 1 0 0 0 0 0 0 0 0 0 0 0 0 1 0 0 0 0 0 0 0 1 0 0 0 0 0 1 0 0 0 0 0 0 0 0 0 0 0 0 0 0 0 0 0 0 1 0 0 0 0 0 0 0 0 0 0 0 0 0 0 0 0 0 0 0 1 0 0 0 0 0 0 0 0 0 0 0 0 0 0 0 0 0 0 0 0 0 0 0 0 0 0 0 0 0 0 0 0 0 0 0 0 0 0 0 0 0 0 0 0 0 0 0 0 0 0 0 0 0 0 0 0 0 0 
21 37 0 0 0 0 0 0 0 0 0 0 0 0 1 0 0 0 0 0 0 0 0 0 0 0 0 0 0 0 0 0 0 0 0 0 0 0 0 0 0 0 0 0 0 0 0 0 0 0 0 0 0 0 0 0 0 0 0 0 0 0 0 0 0 0 0 0 0 0 0 0 0 0 0 0 0 0 0 0 0 0 0 0 0 0 0 0 0 0 0 0 0 0 0 0 0 0 0 0 0 0 0 0 0 0 0 0 0 0 0 0 0 0 0 1 0 0 0 0 0 0 0 0 0 0 0 0 0 0 0 1 0 0 0 0 0 0 0 0 0 0 0 0 0 0 0 0 0 0 0 0 
23 50 0 0 0 0 0 0 0 0 0 0 0 0 0 0 0 0 0 0 0 0 0 0 0 0 0 0 0 0 0 0 0 0 0 0 0 0 0 0 0 0 0 0 0 0 0 0 0 0 0 0 0 0 0 0 0 0 0 0 0 0 0 0 0 1 0 0 0 0 0 0 0 0 0 0 0 0 0 0 0 0 0 0 0 0 0 0 0 0 0 0 0 0 0 0 0 0 0 0 0 0 0 0 0 0 0 0 0 0 0 0 0 0 0 0 0 0 0 0 0 0 0 0 0 0 0 0 0 0 0 0 0 0 0 0 0 0 0 0 0 0 0 0 0 0 0 0 1 0 0 0 
25 44 0 0 0 0 0 0 0 0 0 0 0 0 0 0 0 0 0 0 0 0 0 0 0 0 0 0 0 0 0 0 0 0 0 0 0 0 0 1 0 0 0 0 0 0 0 0 0 0 0 0 0 0 0 0 0 0 0 0 0 0 0 0 0 0 0 0 0 0 0 0 0 0 0 0 0 0 0 0 0 0 0 0 0 0 0 0 0 0 0 0 0 0 0 0 0 0 0 0 0 0 0 0 0 0 0 0 1 0 0 0 0 0 0 0 0 0 0 0 0 0 0 0 0 0 0 0 0 0 0 0 0 0 1 0 0 0 0 0 0 0 0 0 0 0 0 0 0 0 1 0 
28 37 0 0 0 0 0 0 0 0 0 0 0 0 0 0 0 0 0 0 0 0 0 0 0 0 0 0 0 0 0 0 0 0 0 0 0 0 0 0 0 0 0 0 0 0 0 0 0 0 0 0 0 0 0 0 0 0 0 0 0 0 0 0 0 0 0 0 0 0 0 0 0 0 0 0 0 0 0 0 0 0 0 0 0 0 0 0 0 0 0 0 0 0 0 0 0 0 0 0 0 0 0 0 0 0 0 0 0 0 0 0 0 0 0 0 0 0 0 0 0 0 0 0 0 0 0 0 0 0 0 0 0 0 0 0 0 0 0 1 0 0 0 0 0 0 0 0 0 0 0 0 
30 36 0 0 0 0 0 0 0 0 0 0 0 0 0 0 0 0 0 0 0 0 0 0 0 0 0 0 0 0 0 0 0 0 0 0 0 0 0 0 0 0 0 0 0 0 0 0 0 0 0 0 0 1 0 0 0 0 0 0 0 0 0 0 0 0 0 0 1 0 0 0 0 0 0 0 0 0 0 0 0 0 0 0 0 0 0 0 0 0 0 0 0 0 0 0 0 0 0 0 0 0 0 0 0 0 0 0 0 0 0 0 0 0 0 0 0 0 1 0 0 0 0 0 0 0 0 0 0 0 0 0 0 0 0 0 0 0 0 0 0 0 0 0 0 0 0 0 0 0 0 0 
37 38 0 0 0 0 0 0 0 0 0 0 0 0 1 0 0 0 0 1 0 0 0 0 0 0 0 0 0 1 1 0 0 0 0 0 0 0 0 0 0 0 0 0 0 0 0 0 0 0 0 0 0 0 0 1 0 0 0 0 0 0 0 0 0 0 0 0 0 0 0 0 0 0 0 0 0 0 0 0 0 0 0 0 0 0 0 0 0 0 0 0 0 0 0 0 0 0 0 0 0 0 1 0 0 0 0 0 0 0 0 0 0 0 0 1 0 0 0 0 0 0 0 0 0 0 0 0 0 0 0 1 0 0 0 0 0 0 0 0 0 0 0 0 0 0 0 0 0 0 0 0 
38 35 0 0 0 0 0 0 0 0 0 0 0 0 1 0 0 0 0 1 0 0 0 0 0 0 0 0 0 1 1 0 0 0 0 1 0 0 0 0 0 0 0 0 0 0 0 0 0 0 0 0 0 0 0 1 0 0 0 0 0 0 0 0 0 0 0 0 0 0 0 0 0 0 0 0 0 0 0 0 0 1 0 0 0 0 0 0 0 0 0 0 0 0 0 0 0 0 0 0 0 0 1 0 0 0 0 0 0 0 0 0 0 0 0 1 0 0 0 0 0 0 0 0 0 0 0 0 0 0 0 1 0 0 0 1 0 0 0 0 0 0 0 0 0 0 0 0 0 0 0 0 
39 17 0 0 0 0 0 0 0 0 0 0 0 0 0 0 0 0 0 0 0 0 0 0 0 0 0 0 0 0 0 0 0 0 0 0 0 0 0 0 0 0 0 0 0 0 0 0 1 0 0 0 0 0 0 0 0 0 0 0 0 0 0 0 0 0 0 0 0 0 0 0 0 1 0 0 0 0 0 0 0 0 0 0 0 0 0 0 0 0 0 0 0 0 0 0 0 0 0 0 0 0 0 0 0 0 0 0 0 0 0 0 0 0 0 0 0 0 0 0 0 0 0 0 0 0 0 0 0 0 0 0 0 0 0 0 0 0 0 0 0 0 0 0 0 0 0 0 0 0 0 0 
43 29 0 0 0 0 0 0 0 0 0 0 0 0 0 0 0 0 0 0 0 0 0 0 0 0 0 0 0 0 0 0 0 0 0 0 0 0 0 0 0 0 0 0 0 0 0 0 0 0 0 0 0 0 0 0 0 0 0 0 0 0 0 0 0 0 0 0 0 0 0 0 0 0 0 0 0 0 0 0 0 0 0 0 0 0 0 0 0 0 0 0 0 0 0 0 0 0 0 0 0 0 0 0 0 0 0 0 0 0 0 0 0 0 0 0 0 0 0 0 0 0 0 0 0 0 0 0 0 0 0 0 0 0 0 0 0 0 0 0 0 0 0 0 0 0 0 0 0 0 0 0 
44 13 0 0 0 0 0 0 0 0 0 0 0 0 0 0 0 0 0 0 0 0 0 0 0 0 0 0 0 0 0 0 0 0 0 0 0 0 0 1 0 0 0 0 0 0 0 0 0 0 0 0 0 0 0 0 0 0 0 0 0 0 0 0 0 0 0 0 0 0 0 1 0 0 0 0 0 0 0 0 0 0 0 0 0 0 0 0 0 0 0 0 0 0 0 0 0 0 0 0 0 0 0 0 0 0 0 0 1 0 1 0 0 0 0 0 0 0 0 0 0 0 0 0 0 0 0 0 0 0 0 0 0 0 1 0 0 0 0 0 0 0 0 0 0 0 0 0 0 0 1 0 
46 48 0 0 0 1 0 0 0 0 0 0 0 0 0 0 0 0 0 0 0 0 0 0 0 0 0 0 0 0 0 0 0 0 0 0 0 0 0 0 0 0 0 0 0 0 0 0 0 0 1 0 0 0 0 0 0 0 0 0 0 0 0 0 0 0 0 0 0 0 0 0 0 0 0 0 0 0 0 0 0 0 0 0 0 0 0 0 0 0 1 0 0 0 0 0 0 0 0 0 0 0 0 0 1 0 0 0 0 0 0 0 1 1 0 0 0 0 0 0 0 0 0 0 0 0 0 0 0 0 0 0 0 1 0 0 0 0 0 0 0 0 1 0 0 0 0 0 0 0 0 0 
47 37 0 0 0 0 0 0 0 0 0 0 0 0 0 0 0 0 0 0 0 0 0 0 0 0 0 0 0 1 0 0 0 0 0 0 0 0 0 0 0 0 0 0 0 0 0 0 0 0 0 0 0 0 0 0 0 0 0 0 0 0 0 0 0 0 0 0 0 0 0 0 0 0 0 0 0 0 0 0 0 0 0 0 0 0 0 0 0 0 0 0 0 0 0 0 0 0 0 0 0 0 0 0 0 0 0 0 0 0 0 0 0 0 0 0 0 0 0 0 0 0 0 0 0 0 0 0 0 0 0 0 0 0 0 0 0 0 0 0 0 0 0 0 0 0 0 0 0 0 0 0 
;

param time:=
1 15 9.28   7 36 7.88   8 20 0.16   8 32 1.6   9 24 6.94   11 46 8.64   11 50 7.35   12 19 4.78   17 13 8.45   21 37 5.12   
23 50 0.49   25 44 7.19   28 37 1.25   30 36 0.53   37 38 6.84   38 35 8.28   39 17 5.83   43 29 4.46   44 13 0.61   46 48 3.53   
47 37 9.42   ;

