param n := 50;
param d := 1872;
param p := 17;
param l := 150;
param B := 300;
param m := 21;
param lowerb := 1;
param upperb := 4;

param od :=
1 0.31    2 2.72    3 3.67    4 0.72    5 3.18    6 1.82    7 0.69    8 4.13    9 3.33    10 4.94    
11 1.77    12 2.47    13 0.28    14 1.18    15 1.19    16 4.83    17 4.14    18 0.96    19 1.59    20 0.1    
21 2.72    22 4.03    23 4.39    24 0.63    25 0.03    26 1.51    27 0.28    28 1.74    29 4.85    30 3.43    
31 2.01    32 2.04    33 4.92    34 0.62    35 1.74    36 1.84    37 2.88    38 2.8    39 0.76    40 2.26    
41 1.17    42 0.38    43 0.87    44 4.98    45 2.66    46 2.49    47 0.26    48 0.06    49 3.7    50 3.46    
51 4.79    52 3.01    53 2.08    54 1.32    55 3.77    56 1.28    57 2.64    58 2.36    59 0.63    60 3.29    
61 1.11    62 2.37    63 4.68    64 1.03    65 1.68    66 4.56    67 1.07    68 0.37    69 3.54    70 4.59    
71 2.6    72 4.25    73 1.55    74 0.29    75 2.26    76 1.28    77 0.63    78 0.46    79 1.16    80 2.28    
81 2.19    82 4.3    83 2.06    84 4.05    85 2.47    86 1.31    87 3.2    88 3.8    89 4.6    90 2.58    
91 2.27    92 4.83    93 2.24    94 2.46    95 2.47    96 1.47    97 3.26    98 1.19    99 4.32    100 1.03    
101 4.02    102 2.55    103 0.99    104 3.91    105 3.37    106 4.01    107 0.53    108 0.83    109 2.23    110 1.53    
111 0.98    112 1.65    113 0.96    114 2.58    115 3.16    116 2.44    117 4.19    118 3.57    119 2.4    120 0.97    
121 2.38    122 3.82    123 1.65    124 1.89    125 2.55    126 2.65    127 1.5    128 3.5    129 1.64    130 2.81    
131 4.21    132 3.8    133 0.15    134 4.74    135 4.65    136 2.2    137 3.01    138 3.81    139 3.59    140 1.81    
141 2.32    142 3.66    143 4.53    144 2.45    145 3.32    146 0.87    147 4.2    148 3.22    149 3.72    150 4.51    
151 2.27    152 2.02    153 3.94    154 0.5    155 0.88    156 4.49    157 0.47    158 3.99    159 2.85    160 1.93    
161 0.68    162 4.28    163 1.37    164 1.93    165 4.72    166 4.34    167 4.86    168 3.67    169 1.41    170 4.81    
171 3.76    172 4.58    173 2.3    174 3.29    175 0.82    176 2.07    177 0.22    178 3.07    179 1.28    180 3.41    
181 1.25    182 1.43    183 3.59    184 4.9    185 3.03    186 3.45    187 0.82    188 3.96    189 0.72    190 1.13    
191 0.25    192 2.44    193 4.84    194 2.95    195 2.99    196 2.83    197 1.86    198 2.52    199 4.0    200 0.43    
201 2.36    202 1.12    203 0.04    204 1.59    205 4.63    206 0.43    207 1.62    208 1.18    209 1.0    210 0.18    
211 4.11    212 1.31    213 3.81    214 2.65    215 1.32    216 0.86    217 3.8    218 0.8    219 3.81    220 1.55    
221 3.28    222 3.41    223 3.91    224 2.58    225 2.41    226 4.32    227 0.5    228 3.9    229 3.47    230 1.18    
231 2.52    232 0.19    233 1.21    234 2.32    235 3.76    236 0.13    237 1.65    238 0.33    239 4.93    240 0.23    
241 3.1    242 1.36    243 4.85    244 2.28    245 0.86    246 1.78    247 0.54    248 0.21    249 1.68    250 0.1    
251 0.09    252 2.88    253 0.03    254 1.03    255 2.86    256 0.14    257 0.33    258 2.07    259 3.79    260 0.69    
261 3.37    262 3.04    263 2.64    264 4.03    265 3.55    266 2.82    267 1.55    268 1.95    269 2.49    270 4.22    
271 1.39    272 4.56    273 0.55    274 4.89    275 4.72    276 3.06    277 0.16    278 2.72    279 2.83    280 1.58    
281 4.31    282 1.13    283 1.46    284 2.44    285 0.56    286 3.84    287 3.95    288 2.63    289 0.88    290 1.79    
291 1.31    292 3.78    293 0.05    294 2.09    295 3.86    296 3.34    297 4.49    298 0.02    299 0.44    300 1.97    
301 0.32    302 0.3    303 1.02    304 3.59    305 2.94    306 2.25    307 1.34    308 4.38    309 3.94    310 0.92    
311 4.77    312 4.1    313 4.03    314 1.71    315 4.17    316 3.52    317 3.57    318 1.76    319 2.03    320 1.32    
321 4.25    322 0.23    323 2.25    324 0.96    325 4.23    326 0.34    327 1.77    328 2.6    329 0.16    330 4.18    
331 3.69    332 3.2    333 1.65    334 0.83    335 4.98    336 4.95    337 1.64    338 3.82    339 0.54    340 4.13    
341 2.57    342 0.26    343 2.53    344 2.47    345 1.24    346 1.08    347 1.78    348 1.59    349 3.42    350 0.54    
351 0.51    352 4.69    353 2.09    354 0.36    355 2.96    356 0.15    357 2.45    358 2.75    359 2.47    360 4.92    
361 1.77    362 2.9    363 3.62    364 0.56    365 0.72    366 3.11    367 2.53    368 1.28    369 3.7    370 1.99    
371 3.66    372 1.52    373 0.06    374 0.73    375 1.17    376 2.75    377 2.4    378 4.46    379 2.22    380 3.39    
381 2.83    382 2.38    383 2.82    384 1.5    385 4.42    386 3.69    387 2.62    388 3.81    389 3.24    390 2.93    
391 3.88    392 2.56    393 1.05    394 3.12    395 4.41    396 2.92    397 1.51    398 0.99    399 2.44    400 1.43    
401 0.7    402 0.51    403 3.91    404 2.05    405 1.15    406 3.18    407 2.94    408 3.66    409 4.0    410 0.21    
411 4.75    412 1.52    413 4.96    414 3.26    415 0.53    416 4.42    417 0.58    418 1.05    419 3.68    420 0.81    
421 1.01    422 2.13    423 2.96    424 4.49    425 1.01    426 1.67    427 0.06    428 1.59    429 3.19    430 1.32    
431 3.98    432 0.54    433 4.42    434 0.83    435 3.28    436 3.42    437 3.62    438 4.67    439 2.44    440 3.58    
441 2.98    442 3.0    443 2.49    444 4.99    445 2.8    446 3.87    447 2.93    448 1.75    449 0.99    450 3.01    
451 1.98    452 1.62    453 0.6    454 3.9    455 4.21    456 1.62    457 4.8    458 2.56    459 4.09    460 0.72    
461 4.46    462 2.87    463 4.9    464 4.39    465 1.67    466 2.59    467 4.99    468 1.4    469 4.42    470 2.69    
471 3.4    472 3.14    473 1.63    474 1.0    475 4.12    476 2.58    477 0.02    478 2.02    479 0.73    480 4.36    
481 3.22    482 2.4    483 3.82    484 1.38    485 3.37    486 4.89    487 1.92    488 1.14    489 0.9    490 3.72    
491 0.32    492 1.04    493 3.69    494 4.48    495 3.8    496 1.85    497 2.45    498 3.92    499 1.69    500 4.75    
501 0.34    502 1.57    503 1.33    504 2.09    505 1.64    506 3.52    507 4.99    508 3.98    509 3.47    510 2.86    
511 3.98    512 0.55    513 2.14    514 0.02    515 3.39    516 4.96    517 1.66    518 0.83    519 0.24    520 3.73    
521 2.08    522 1.93    523 4.33    524 0.89    525 0.56    526 3.93    527 0.99    528 1.53    529 4.99    530 4.25    
531 3.21    532 0.46    533 2.16    534 4.82    535 5.0    536 4.41    537 0.18    538 0.55    539 3.24    540 4.98    
541 2.03    542 4.09    543 4.31    544 3.62    545 2.55    546 0.58    547 0.26    548 0.35    549 2.79    550 3.15    
551 1.25    552 0.96    553 0.79    554 1.98    555 1.77    556 4.95    557 0.8    558 1.51    559 1.18    560 1.91    
561 4.35    562 4.67    563 2.21    564 5.0    565 1.21    566 3.4    567 2.44    568 4.33    569 1.85    570 3.66    
571 4.2    572 3.94    573 3.17    574 1.6    575 2.21    576 0.32    577 1.61    578 3.1    579 1.16    580 1.49    
581 0.15    582 3.39    583 4.82    584 0.88    585 4.55    586 1.07    587 0.62    588 3.41    589 2.55    590 4.92    
591 2.64    592 3.24    593 1.99    594 2.42    595 1.38    596 4.64    597 0.57    598 4.88    599 3.77    600 3.28    
601 1.38    602 2.5    603 4.44    604 2.6    605 1.68    606 0.77    607 0.52    608 0.78    609 3.64    610 3.92    
611 0.01    612 3.27    613 1.05    614 3.23    615 2.02    616 3.81    617 1.96    618 1.76    619 1.38    620 2.22    
621 4.23    622 0.9    623 0.46    624 2.53    625 0.06    626 3.06    627 4.1    628 0.62    629 0.05    630 1.9    
631 2.59    632 2.54    633 1.24    634 2.66    635 1.44    636 4.63    637 3.77    638 1.15    639 0.66    640 2.41    
641 1.45    642 3.49    643 0.37    644 4.83    645 4.15    646 4.45    647 4.24    648 3.04    649 3.02    650 3.7    
651 4.55    652 1.1    653 2.5    654 3.1    655 1.68    656 2.01    657 1.6    658 4.18    659 0.85    660 0.34    
661 3.82    662 4.43    663 4.06    664 3.6    665 1.17    666 0.13    667 4.16    668 3.99    669 2.64    670 0.18    
671 1.77    672 1.46    673 3.41    674 0.95    675 4.25    676 3.38    677 3.74    678 3.35    679 1.28    680 1.81    
681 3.21    682 4.27    683 0.61    684 3.57    685 0.81    686 4.97    687 2.45    688 4.63    689 1.79    690 4.33    
691 2.52    692 4.97    693 4.39    694 4.5    695 1.81    696 1.63    697 3.36    698 4.55    699 3.07    700 4.3    
701 2.2    702 2.32    703 3.87    704 2.41    705 1.78    706 2.83    707 3.14    708 1.67    709 4.52    710 0.67    
711 4.14    712 3.58    713 0.03    714 1.05    715 0.2    716 3.79    717 0.84    718 4.55    719 3.96    720 2.16    
721 4.04    722 2.01    723 0.49    724 1.15    725 3.17    726 4.38    727 0.26    728 3.87    729 1.94    730 4.76    
731 2.54    732 1.55    733 3.68    734 2.13    735 3.62    736 0.74    737 4.21    738 4.2    739 3.77    740 4.76    
741 0.63    742 4.99    743 4.73    744 4.33    745 2.07    746 4.37    747 2.82    748 2.89    749 1.28    750 1.58    
751 3.0    752 1.48    753 0.56    754 0.65    755 2.39    756 1.37    757 1.73    758 0.91    759 2.82    760 2.71    
761 3.27    762 0.51    763 0.53    764 2.7    765 2.82    766 3.97    767 3.27    768 4.45    769 2.19    770 0.62    
771 1.93    772 4.23    773 2.17    774 1.05    775 4.34    776 3.74    777 4.41    778 4.12    779 2.13    780 2.97    
781 0.7    782 1.81    783 1.23    784 3.36    785 3.09    786 4.55    787 2.22    788 0.83    789 4.53    790 4.25    
791 3.71    792 0.44    793 4.22    794 1.85    795 4.62    796 0.67    797 1.24    798 2.31    799 1.96    800 2.57    
801 4.75    802 1.38    803 0.54    804 4.42    805 1.24    806 2.74    807 1.27    808 3.58    809 1.11    810 3.26    
811 3.42    812 2.08    813 1.28    814 3.09    815 4.18    816 4.95    817 2.35    818 0.47    819 0.12    820 3.2    
821 0.21    822 1.69    823 4.28    824 1.22    825 1.37    826 3.6    827 0.92    828 2.16    829 1.06    830 2.59    
831 1.91    832 3.49    833 1.88    834 3.59    835 2.6    836 4.57    837 4.49    838 3.74    839 4.62    840 3.81    
841 0.42    842 4.48    843 2.63    844 3.06    845 1.47    846 2.64    847 3.39    848 3.99    849 1.75    850 2.92    
851 1.46    852 4.47    853 3.56    854 2.85    855 0.56    856 0.86    857 1.46    858 2.78    859 3.66    860 4.31    
861 1.6    862 2.85    863 4.33    864 0.26    865 4.11    866 3.25    867 0.41    868 3.35    869 3.32    870 3.64    
871 3.48    872 2.72    873 4.63    874 2.1    875 0.72    876 4.6    877 2.45    878 2.4    879 1.62    880 0.67    
881 2.44    882 2.73    883 2.17    884 4.93    885 1.81    886 2.88    887 2.76    888 1.26    889 2.73    890 2.58    
891 4.39    892 0.23    893 2.64    894 2.28    895 3.67    896 0.22    897 3.6    898 3.33    899 0.61    900 3.11    
901 2.97    902 3.61    903 3.06    904 1.86    905 3.56    906 3.5    907 3.5    908 3.95    909 3.66    910 4.3    
911 2.31    912 0.76    913 3.55    914 1.2    915 3.43    916 4.99    917 3.99    918 4.71    919 4.89    920 3.32    
921 1.99    922 1.31    923 1.94    924 2.96    925 0.3    926 1.08    927 3.88    928 4.65    929 0.14    930 0.06    
931 2.53    932 0.26    933 2.78    934 0.28    935 2.88    936 2.6    937 3.77    938 4.35    939 3.39    940 1.17    
941 4.22    942 4.58    943 4.29    944 1.56    945 0.89    946 2.17    947 3.2    948 2.65    949 0.98    950 4.6    
951 4.39    952 1.35    953 1.98    954 0.2    955 3.18    956 4.27    957 2.25    958 3.17    959 0.98    960 3.38    
961 3.59    962 3.53    963 4.86    964 2.86    965 4.82    966 3.67    967 3.94    968 0.88    969 0.54    970 2.59    
971 0.19    972 1.48    973 1.12    974 2.67    975 2.99    976 2.98    977 4.13    978 3.68    979 3.3    980 1.45    
981 3.84    982 3.03    983 0.05    984 3.72    985 1.76    986 3.77    987 1.86    988 2.91    989 3.63    990 3.55    
991 3.5    992 0.17    993 3.27    994 3.92    995 1.04    996 1.64    997 4.42    998 3.63    999 2.59    1000 3.01    
1001 1.15    1002 3.87    1003 4.08    1004 4.63    1005 0.04    1006 0.8    1007 0.29    1008 3.05    1009 2.01    1010 3.18    
1011 3.76    1012 1.91    1013 0.95    1014 1.03    1015 0.72    1016 2.93    1017 2.16    1018 4.79    1019 0.91    1020 0.91    
1021 0.7    1022 3.18    1023 1.37    1024 4.46    1025 1.91    1026 2.64    1027 1.54    1028 3.69    1029 3.01    1030 4.34    
1031 3.25    1032 2.64    1033 2.59    1034 1.72    1035 3.39    1036 3.65    1037 3.03    1038 0.66    1039 1.18    1040 4.85    
1041 4.75    1042 1.8    1043 1.99    1044 0.69    1045 2.26    1046 3.57    1047 3.32    1048 4.73    1049 4.12    1050 0.44    
1051 2.57    1052 3.89    1053 1.79    1054 2.13    1055 3.08    1056 4.18    1057 1.39    1058 1.38    1059 2.18    1060 3.13    
1061 2.32    1062 1.78    1063 2.12    1064 0.95    1065 3.04    1066 2.62    1067 1.2    1068 4.51    1069 1.9    1070 0.78    
1071 0.06    1072 1.42    1073 4.98    1074 4.39    1075 2.6    1076 1.38    1077 4.28    1078 0.49    1079 1.51    1080 0.02    
1081 3.21    1082 2.84    1083 4.01    1084 3.37    1085 2.26    1086 4.7    1087 1.18    1088 2.16    1089 4.33    1090 1.75    
1091 3.33    1092 3.21    1093 3.7    1094 0.86    1095 3.82    1096 4.4    1097 1.19    1098 2.02    1099 1.65    1100 1.51    
1101 4.21    1102 0.19    1103 1.27    1104 0.0    1105 2.81    1106 0.81    1107 1.46    1108 0.43    1109 1.15    1110 3.92    
1111 4.01    1112 5.0    1113 3.43    1114 1.9    1115 0.17    1116 1.87    1117 0.4    1118 0.63    1119 0.52    1120 2.06    
1121 1.2    1122 2.92    1123 4.71    1124 0.96    1125 1.68    1126 2.56    1127 2.69    1128 0.87    1129 3.31    1130 0.21    
1131 3.2    1132 1.09    1133 3.32    1134 3.27    1135 0.29    1136 4.67    1137 2.12    1138 0.07    1139 3.16    1140 2.34    
1141 1.0    1142 4.08    1143 1.57    1144 4.13    1145 1.0    1146 2.39    1147 1.34    1148 3.36    1149 4.61    1150 1.64    
1151 2.54    1152 4.77    1153 2.01    1154 2.86    1155 3.05    1156 1.01    1157 1.11    1158 0.04    1159 3.45    1160 4.32    
1161 1.11    1162 2.73    1163 1.25    1164 2.35    1165 4.2    1166 1.86    1167 4.87    1168 0.26    1169 4.66    1170 3.67    
1171 3.15    1172 2.84    1173 2.41    1174 2.19    1175 4.22    1176 1.19    1177 3.78    1178 3.88    1179 1.36    1180 1.65    
1181 2.92    1182 4.18    1183 4.63    1184 2.31    1185 4.62    1186 0.64    1187 1.02    1188 0.76    1189 4.71    1190 3.54    
1191 4.82    1192 0.17    1193 2.6    1194 1.0    1195 4.25    1196 1.78    1197 4.53    1198 1.0    1199 1.86    1200 4.85    
1201 3.27    1202 4.09    1203 0.54    1204 2.67    1205 4.17    1206 1.91    1207 4.25    1208 0.17    1209 2.85    1210 2.71    
1211 2.24    1212 4.51    1213 4.38    1214 1.26    1215 1.52    1216 2.69    1217 2.52    1218 2.81    1219 3.3    1220 3.88    
1221 0.71    1222 4.9    1223 4.11    1224 4.55    1225 3.11    1226 1.41    1227 2.05    1228 2.93    1229 2.1    1230 2.08    
1231 3.55    1232 3.59    1233 3.29    1234 4.77    1235 4.03    1236 2.25    1237 1.84    1238 1.26    1239 4.84    1240 0.79    
1241 4.74    1242 2.26    1243 4.17    1244 1.27    1245 0.13    1246 2.68    1247 4.64    1248 4.34    1249 4.79    1250 0.71    
1251 0.2    1252 1.02    1253 0.86    1254 0.99    1255 0.06    1256 0.67    1257 3.62    1258 3.44    1259 1.93    1260 4.28    
1261 3.4    1262 0.87    1263 3.9    1264 1.56    1265 4.04    1266 3.73    1267 1.91    1268 1.08    1269 1.38    1270 0.52    
1271 3.47    1272 1.07    1273 3.16    1274 2.97    1275 4.04    1276 4.34    1277 0.11    1278 1.05    1279 0.17    1280 1.43    
1281 3.88    1282 2.15    1283 2.01    1284 3.18    1285 2.91    1286 4.55    1287 2.36    1288 2.7    1289 3.65    1290 1.17    
1291 0.57    1292 4.93    1293 1.4    1294 0.06    1295 3.61    1296 0.54    1297 4.11    1298 2.11    1299 0.07    1300 4.91    
1301 0.37    1302 1.06    1303 2.58    1304 1.32    1305 1.05    1306 0.65    1307 0.86    1308 2.64    1309 0.97    1310 2.26    
1311 3.68    1312 2.32    1313 4.58    1314 3.66    1315 0.06    1316 3.05    1317 1.61    1318 0.08    1319 4.6    1320 2.81    
1321 1.54    1322 0.72    1323 0.89    1324 2.25    1325 1.21    1326 3.44    1327 3.27    1328 3.19    1329 4.08    1330 1.8    
1331 0.53    1332 2.1    1333 0.48    1334 4.9    1335 2.83    1336 4.72    1337 3.02    1338 2.63    1339 2.71    1340 2.04    
1341 2.97    1342 4.36    1343 0.39    1344 2.93    1345 3.55    1346 2.01    1347 1.0    1348 4.57    1349 0.75    1350 1.28    
1351 0.14    1352 2.11    1353 3.06    1354 1.24    1355 2.31    1356 0.22    1357 2.27    1358 1.44    1359 1.43    1360 1.89    
1361 3.63    1362 1.26    1363 0.55    1364 0.2    1365 0.0    1366 2.89    1367 4.81    1368 1.97    1369 3.34    1370 3.55    
1371 2.51    1372 4.68    1373 0.49    1374 1.59    1375 4.08    1376 0.17    1377 2.42    1378 1.88    1379 4.58    1380 2.6    
1381 1.19    1382 1.87    1383 0.2    1384 4.38    1385 3.31    1386 2.95    1387 0.56    1388 0.39    1389 2.11    1390 0.78    
1391 2.74    1392 2.52    1393 1.44    1394 4.0    1395 3.07    1396 3.13    1397 2.66    1398 0.13    1399 4.01    1400 1.82    
1401 2.39    1402 2.01    1403 2.12    1404 0.04    1405 1.98    1406 4.98    1407 0.14    1408 0.34    1409 1.32    1410 0.12    
1411 2.0    1412 0.91    1413 4.0    1414 0.45    1415 4.12    1416 2.08    1417 0.36    1418 3.03    1419 0.93    1420 3.92    
1421 4.39    1422 4.71    1423 2.73    1424 4.71    1425 3.48    1426 3.31    1427 0.64    1428 3.25    1429 3.72    1430 3.67    
1431 3.88    1432 3.6    1433 3.03    1434 2.13    1435 3.39    1436 2.62    1437 1.34    1438 3.79    1439 0.59    1440 2.44    
1441 3.31    1442 3.92    1443 1.51    1444 0.73    1445 3.73    1446 2.81    1447 3.43    1448 3.11    1449 4.18    1450 4.44    
1451 1.96    1452 0.32    1453 4.18    1454 2.21    1455 0.95    1456 4.95    1457 4.63    1458 3.26    1459 4.79    1460 0.35    
1461 2.55    1462 3.56    1463 0.58    1464 0.99    1465 4.51    1466 2.19    1467 3.94    1468 2.79    1469 3.5    1470 3.3    
1471 0.82    1472 0.12    1473 2.42    1474 2.33    1475 1.12    1476 3.2    1477 1.01    1478 1.94    1479 1.85    1480 3.87    
1481 1.76    1482 2.38    1483 2.76    1484 1.23    1485 2.25    1486 3.68    1487 0.46    1488 0.58    1489 0.79    1490 0.46    
1491 4.05    1492 2.28    1493 1.69    1494 3.49    1495 3.99    1496 4.17    1497 3.59    1498 0.15    1499 0.05    1500 1.57    
1501 0.06    1502 0.05    1503 3.51    1504 1.59    1505 2.52    1506 2.45    1507 1.07    1508 2.54    1509 1.32    1510 4.22    
1511 1.83    1512 2.16    1513 2.36    1514 4.42    1515 1.26    1516 2.46    1517 4.04    1518 2.57    1519 3.82    1520 0.14    
1521 0.16    1522 3.25    1523 4.02    1524 0.72    1525 4.74    1526 4.22    1527 2.67    1528 3.85    1529 1.55    1530 2.24    
1531 0.6    1532 0.64    1533 1.81    1534 4.6    1535 0.14    1536 1.9    1537 4.53    1538 2.14    1539 4.5    1540 2.02    
1541 2.65    1542 0.37    1543 3.95    1544 4.73    1545 0.11    1546 0.33    1547 1.42    1548 1.31    1549 4.48    1550 3.72    
1551 0.67    1552 0.48    1553 4.57    1554 2.84    1555 1.63    1556 1.92    1557 2.88    1558 4.13    1559 1.6    1560 3.82    
1561 2.82    1562 4.72    1563 1.04    1564 0.97    1565 2.57    1566 4.54    1567 2.1    1568 3.34    1569 2.94    1570 3.86    
1571 1.51    1572 1.52    1573 0.08    1574 0.16    1575 2.43    1576 2.74    1577 2.74    1578 4.34    1579 2.13    1580 1.62    
1581 0.48    1582 4.71    1583 1.78    1584 4.12    1585 2.43    1586 3.35    1587 1.62    1588 2.06    1589 3.89    1590 2.09    
1591 3.5    1592 2.85    1593 0.24    1594 4.05    1595 3.11    1596 0.05    1597 4.05    1598 1.79    1599 3.51    1600 1.23    
1601 4.77    1602 2.34    1603 0.53    1604 0.94    1605 2.03    1606 2.53    1607 1.92    1608 3.67    1609 0.02    1610 1.57    
1611 4.17    1612 3.6    1613 3.73    1614 0.76    1615 2.57    1616 3.85    1617 4.97    1618 0.89    1619 0.26    1620 3.74    
1621 3.63    1622 1.56    1623 3.04    1624 1.93    1625 3.57    1626 4.23    1627 1.76    1628 4.76    1629 4.78    1630 3.01    
1631 3.36    1632 2.01    1633 4.64    1634 3.0    1635 1.04    1636 1.54    1637 0.9    1638 1.07    1639 1.76    1640 3.71    
1641 0.19    1642 4.17    1643 3.97    1644 0.52    1645 4.77    1646 4.7    1647 1.59    1648 0.85    1649 4.72    1650 0.23    
1651 1.17    1652 0.55    1653 3.18    1654 4.07    1655 4.61    1656 4.4    1657 1.61    1658 0.13    1659 4.25    1660 2.06    
1661 2.05    1662 4.45    1663 4.03    1664 1.92    1665 3.07    1666 4.02    1667 2.4    1668 1.11    1669 2.44    1670 2.28    
1671 1.83    1672 3.05    1673 1.82    1674 3.34    1675 2.33    1676 3.46    1677 3.13    1678 0.52    1679 2.32    1680 4.91    
1681 2.97    1682 1.79    1683 2.62    1684 2.22    1685 2.25    1686 3.59    1687 3.55    1688 3.36    1689 2.22    1690 0.43    
1691 0.35    1692 2.82    1693 2.0    1694 2.94    1695 0.16    1696 3.22    1697 1.19    1698 0.44    1699 3.53    1700 0.3    
1701 4.9    1702 0.71    1703 0.68    1704 4.3    1705 2.67    1706 4.16    1707 2.27    1708 2.27    1709 0.91    1710 4.06    
1711 2.26    1712 4.64    1713 4.08    1714 1.88    1715 3.81    1716 0.44    1717 3.56    1718 2.11    1719 1.13    1720 4.75    
1721 4.75    1722 0.98    1723 2.45    1724 4.92    1725 0.55    1726 4.98    1727 0.06    1728 4.36    1729 3.61    1730 0.19    
1731 2.53    1732 1.61    1733 2.15    1734 0.1    1735 2.52    1736 4.46    1737 2.51    1738 1.92    1739 1.03    1740 0.69    
1741 1.76    1742 2.27    1743 4.15    1744 2.57    1745 4.98    1746 1.71    1747 1.38    1748 1.55    1749 1.82    1750 0.65    
1751 1.07    1752 4.47    1753 2.56    1754 3.9    1755 3.39    1756 0.55    1757 4.15    1758 2.77    1759 3.02    1760 0.1    
1761 1.35    1762 0.24    1763 3.75    1764 1.26    1765 4.48    1766 4.27    1767 3.73    1768 1.63    1769 4.55    1770 2.69    
1771 1.71    1772 2.15    1773 0.3    1774 2.21    1775 0.84    1776 0.88    1777 0.04    1778 0.65    1779 2.14    1780 3.14    
1781 0.95    1782 4.18    1783 0.82    1784 2.93    1785 4.57    1786 1.49    1787 3.6    1788 3.2    1789 1.42    1790 0.67    
1791 0.6    1792 2.07    1793 1.27    1794 4.55    1795 1.76    1796 4.87    1797 1.0    1798 0.6    1799 2.92    1800 3.3    
1801 2.23    1802 0.44    1803 1.09    1804 1.62    1805 3.54    1806 0.02    1807 0.56    1808 2.4    1809 1.26    1810 2.18    
1811 0.68    1812 0.5    1813 0.95    1814 0.74    1815 3.35    1816 4.3    1817 2.7    1818 4.89    1819 3.81    1820 4.99    
1821 2.28    1822 2.59    1823 0.17    1824 3.55    1825 1.06    1826 1.02    1827 0.68    1828 1.07    1829 4.54    1830 4.43    
1831 2.01    1832 0.59    1833 0.32    1834 1.36    1835 2.16    1836 4.58    1837 1.5    1838 1.5    1839 0.9    1840 1.42    
1841 0.72    1842 0.88    1843 3.32    1844 4.86    1845 4.74    1846 0.32    1847 0.59    1848 2.44    1849 1.85    1850 4.51    
1851 3.52    1852 2.49    1853 4.86    1854 2.71    1855 4.67    1856 2.19    1857 2.94    1858 0.4    1859 1.24    1860 1.8    
1861 3.28    1862 1.99    1863 1.17    1864 1.83    1865 2.1    1866 3.48    1867 0.49    1868 0.69    1869 0.12    1870 1.12    
1871 0.75    1872 3.75    ;

param C :=
1 1   2 1   3 1   4 1   5 1   6 1   7 1   8 1   9 1   10 1   
11 1   12 1   13 1   14 1   15 1   16 1   17 1   18 1   19 1   20 1   
21 1   22 1   23 1   24 1   25 1   26 1   27 1   28 1   29 1   30 1   
31 1   32 1   33 1   34 1   35 1   36 1   37 1   38 1   39 1   40 1   
41 1   42 1   43 1   44 1   45 1   46 1   47 1   48 1   49 1   50 1   
51 1   52 1   53 1   54 1   55 1   56 1   57 1   58 1   59 1   60 1   
61 1   62 1   63 1   64 1   65 1   66 1   67 1   68 1   69 1   70 1   
71 1   72 1   73 1   74 1   75 1   76 1   77 1   78 1   79 1   80 1   
81 1   82 1   83 1   84 1   85 1   86 1   87 1   88 1   89 1   90 1   
91 1   92 1   93 1   94 1   95 1   96 1   97 1   98 1   99 1   100 1   
101 1   102 1   103 1   104 1   105 1   106 1   107 1   108 1   109 1   110 1   
111 1   112 1   113 1   114 1   115 1   116 1   117 1   118 1   119 1   120 1   
121 1   122 1   123 1   124 1   125 1   126 1   127 1   128 1   129 1   130 1   
131 1   132 1   133 1   134 1   135 1   136 1   137 1   138 1   139 1   140 1   
141 1   142 1   143 1   144 1   145 1   146 1   147 1   148 1   149 1   150 1   
;

param K :=
1 10   2 10   3 10   4 10   5 10   6 10   7 10   8 10   9 10   10 10   
11 10   12 10   13 10   14 10   15 10   16 10   17 10   18 10   19 10   20 10   
21 10   22 10   23 10   24 10   25 10   26 10   27 10   28 10   29 10   30 10   
31 10   32 10   33 10   34 10   35 10   36 10   37 10   38 10   39 10   40 10   
41 10   42 10   43 10   44 10   45 10   46 10   47 10   48 10   49 10   50 10   
51 10   52 10   53 10   54 10   55 10   56 10   57 10   58 10   59 10   60 10   
61 10   62 10   63 10   64 10   65 10   66 10   67 10   68 10   69 10   70 10   
71 10   72 10   73 10   74 10   75 10   76 10   77 10   78 10   79 10   80 10   
81 10   82 10   83 10   84 10   85 10   86 10   87 10   88 10   89 10   90 10   
91 10   92 10   93 10   94 10   95 10   96 10   97 10   98 10   99 10   100 10   
101 10   102 10   103 10   104 10   105 10   106 10   107 10   108 10   109 10   110 10   
111 10   112 10   113 10   114 10   115 10   116 10   117 10   118 10   119 10   120 10   
121 10   122 10   123 10   124 10   125 10   126 10   127 10   128 10   129 10   130 10   
131 10   132 10   133 10   134 10   135 10   136 10   137 10   138 10   139 10   140 10   
141 10   142 10   143 10   144 10   145 10   146 10   147 10   148 10   149 10   150 10   
;

param line: 1 2 3 4 5 6 7 8 9 10 11 12 13 14 15 16 17 18 19 20 21 :=
1    0 0 0 0 0 0 0 0 0 0 0 0 0 0 0 0 0 0 0 0 0 
2    0 0 1 0 0 0 0 0 0 0 0 0 0 0 0 0 0 0 0 0 0 
3    0 0 0 0 0 0 0 0 0 0 0 0 0 0 0 0 0 0 0 0 0 
4    0 0 0 0 0 0 0 0 0 0 0 0 0 0 0 0 0 0 0 1 0 
5    0 0 0 0 0 0 0 0 0 0 0 0 0 0 0 0 0 0 0 0 0 
6    0 0 0 0 0 0 0 0 0 0 0 0 0 0 0 0 0 0 0 0 0 
7    0 0 0 0 0 0 0 0 0 0 0 0 0 0 0 0 0 0 0 0 0 
8    0 0 0 0 0 0 0 0 0 0 0 0 0 0 0 0 0 0 0 0 0 
9    0 0 0 0 0 0 1 0 0 0 0 0 0 0 0 0 0 0 0 0 0 
10    0 0 0 0 0 0 0 0 0 0 0 0 0 0 0 0 0 0 0 0 0 
11    0 0 0 0 0 0 0 0 0 0 0 0 0 0 0 0 0 0 0 0 0 
12    0 0 0 0 0 0 0 0 0 0 0 0 0 0 0 0 0 0 0 0 0 
13    0 0 0 0 0 0 0 0 0 1 0 0 0 0 1 1 0 0 0 0 0 
14    0 0 0 0 0 0 0 0 0 0 0 0 0 0 0 0 0 0 0 0 0 
15    0 0 0 0 0 0 0 0 1 0 0 0 0 0 0 0 0 0 0 0 0 
16    1 0 0 0 0 0 0 0 0 0 0 0 0 0 0 0 0 0 0 0 0 
17    0 0 0 0 0 0 0 0 0 0 0 0 0 0 0 0 0 0 0 0 0 
18    0 0 0 0 0 0 0 0 0 0 0 0 0 0 1 1 0 0 0 0 0 
19    0 0 0 0 0 0 0 0 0 0 0 0 0 0 0 0 0 0 0 0 0 
20    0 0 0 0 0 0 0 0 0 0 0 0 0 0 0 0 0 0 0 0 0 
21    0 0 0 0 0 0 0 0 0 0 0 0 0 0 0 0 0 0 0 0 0 
22    0 0 0 0 0 0 0 0 0 0 0 0 0 0 0 0 0 0 0 0 0 
23    0 0 0 0 0 0 0 0 0 0 0 0 0 0 0 0 0 0 0 0 0 
24    0 0 0 0 0 0 0 0 0 0 0 0 0 0 0 0 0 0 0 0 0 
25    0 0 0 0 0 0 0 0 0 0 0 0 0 0 0 0 0 0 0 0 0 
26    0 0 0 0 0 0 0 0 1 0 0 0 0 0 0 0 0 0 0 0 0 
27    0 0 0 0 0 0 0 0 0 0 0 0 0 0 0 0 0 0 0 0 0 
28    0 0 0 0 0 0 0 0 0 0 0 0 0 0 1 1 0 0 0 0 1 
29    0 0 0 0 0 0 0 0 0 0 0 0 0 0 1 1 0 0 0 0 0 
30    0 0 0 0 0 0 0 0 0 0 0 0 0 0 0 0 0 0 0 0 0 
31    0 0 0 0 0 0 0 0 0 0 0 0 0 0 0 0 0 0 0 0 0 
32    0 0 0 0 0 0 0 0 0 0 0 0 0 0 0 0 0 0 0 0 0 
33    0 0 0 0 0 0 0 0 0 0 0 0 0 0 0 0 0 0 0 0 0 
34    0 0 0 0 0 0 0 0 0 0 0 0 0 0 0 1 0 0 0 0 0 
35    0 0 0 0 0 0 0 0 0 0 0 0 0 0 0 0 0 0 0 0 0 
36    0 0 0 0 0 0 0 0 0 0 0 0 0 0 0 0 0 0 0 0 0 
37    0 0 0 0 0 0 0 0 0 0 0 0 0 0 0 0 0 0 0 0 0 
38    0 0 0 0 0 0 0 0 0 0 0 1 0 0 0 0 0 0 1 0 0 
39    0 0 0 0 0 0 0 0 1 0 0 0 0 0 0 0 0 0 0 0 0 
40    0 0 0 0 0 0 0 0 0 0 0 0 0 0 0 0 0 0 0 0 0 
41    0 0 0 0 0 0 0 0 0 0 0 0 0 0 0 0 0 0 0 0 0 
42    0 0 0 0 0 0 0 0 0 0 0 0 0 0 0 0 0 0 0 0 0 
43    0 0 0 0 0 0 0 0 0 0 0 0 0 0 0 0 0 0 0 0 0 
44    0 0 0 0 0 0 0 0 0 0 0 0 0 0 0 0 0 0 0 0 0 
45    0 0 0 0 0 0 0 0 0 0 0 0 0 0 0 0 0 0 0 0 0 
46    0 1 0 0 0 0 0 0 0 0 0 0 0 0 0 0 0 0 0 0 0 
47    0 0 0 0 0 0 0 0 1 0 0 0 0 0 0 0 1 0 0 0 0 
48    0 0 0 0 0 0 0 0 0 0 0 0 0 0 0 0 0 0 0 0 0 
49    0 0 0 0 0 0 0 0 0 0 0 0 0 0 0 0 0 0 0 1 0 
50    0 0 0 0 0 0 0 0 0 0 0 0 0 0 0 0 0 0 0 0 0 
51    0 0 0 0 0 0 0 0 0 0 0 0 0 0 0 0 0 0 0 0 0 
52    0 0 0 0 0 0 0 0 0 0 0 0 0 1 0 0 0 0 0 0 0 
53    0 0 0 0 0 0 0 0 1 0 0 0 0 0 0 0 0 0 0 0 0 
54    0 0 0 0 0 0 0 0 0 0 0 0 0 0 1 1 0 0 0 0 0 
55    0 0 0 0 0 0 0 0 0 0 0 0 0 0 0 0 0 0 0 0 0 
56    0 0 0 0 1 0 0 0 0 0 0 0 0 0 0 0 0 0 0 0 0 
57    0 0 0 0 0 0 0 0 0 0 0 0 0 0 0 0 0 0 0 0 0 
58    0 0 0 0 0 0 0 0 0 0 0 0 0 0 0 0 0 0 0 0 0 
59    0 0 0 0 0 0 0 0 0 0 0 0 0 0 0 0 0 0 0 0 0 
60    0 0 0 0 0 0 0 0 0 0 0 0 0 0 0 0 0 0 0 0 0 
61    0 0 0 0 0 0 0 0 0 0 0 0 0 0 0 0 0 0 0 0 0 
62    0 0 0 0 0 0 0 0 0 0 0 0 0 0 0 0 0 0 0 0 0 
63    0 0 0 0 0 0 0 0 0 0 0 0 0 0 0 0 0 0 0 0 0 
64    0 0 0 0 0 0 0 0 0 0 1 0 0 0 0 0 0 0 0 0 0 
65    0 0 0 0 0 0 0 0 0 0 0 0 0 0 0 0 0 0 0 0 0 
66    0 0 0 0 0 0 0 0 0 0 0 0 0 0 0 0 0 0 0 0 0 
67    0 0 0 0 0 0 0 0 0 0 0 0 0 1 0 0 0 0 0 0 0 
68    0 0 0 0 0 0 0 0 0 0 0 0 0 0 0 0 0 0 0 0 0 
69    0 0 0 0 0 0 0 0 0 0 0 0 0 0 0 0 0 0 0 0 0 
70    0 0 0 0 0 0 0 0 0 0 0 0 0 0 0 0 0 0 1 0 0 
71    0 0 0 0 0 0 0 0 0 0 0 0 0 0 0 0 0 0 0 0 0 
72    0 0 0 0 0 0 0 0 1 0 0 0 0 0 0 0 1 0 0 0 0 
73    0 0 0 0 0 0 0 0 0 0 0 0 0 0 0 0 0 0 0 0 0 
74    0 0 0 0 0 0 0 0 0 0 0 0 0 0 0 0 0 0 0 0 0 
75    0 0 0 0 0 0 0 0 0 0 0 0 0 0 0 0 0 0 0 0 0 
76    0 0 0 0 0 0 0 0 0 0 0 0 0 0 0 0 0 0 0 0 0 
77    0 0 0 0 0 0 0 0 0 0 0 0 0 0 0 0 0 0 0 0 0 
78    1 0 0 0 0 0 0 0 0 0 0 0 0 0 0 0 0 0 0 0 0 
79    0 0 0 0 0 0 0 0 0 0 0 0 0 0 0 0 0 0 0 0 0 
80    0 0 0 0 0 0 0 0 0 0 0 0 0 0 0 1 0 0 0 0 0 
81    0 0 0 0 0 0 0 0 0 0 0 0 0 0 0 0 0 0 0 0 0 
82    0 0 0 0 0 0 0 0 0 0 0 0 0 0 0 0 0 0 0 0 0 
83    0 0 0 0 0 0 0 0 0 0 0 0 0 0 0 0 0 0 0 0 0 
84    0 0 0 0 0 0 0 0 0 0 0 0 0 0 0 0 0 0 0 0 0 
85    0 0 0 0 0 0 0 0 0 0 0 0 0 0 0 0 0 0 0 0 0 
86    1 0 0 0 0 0 0 0 0 0 0 0 0 0 0 0 0 0 0 0 0 
87    1 0 0 0 0 0 0 0 0 0 0 0 0 0 0 0 0 0 0 0 0 
88    0 0 0 0 0 0 0 0 0 0 0 0 0 0 0 0 0 0 0 0 0 
89    0 0 0 0 0 0 0 0 0 0 0 0 0 0 0 0 0 0 0 1 0 
90    0 0 0 0 0 0 0 0 0 0 0 0 0 0 0 0 0 0 0 0 0 
91    0 0 0 0 1 0 0 0 0 0 0 0 0 0 0 0 0 0 0 0 0 
92    0 0 0 0 0 0 0 0 1 0 0 0 0 0 0 0 0 0 0 0 0 
93    0 0 0 0 0 0 0 0 0 0 0 0 0 0 0 0 0 0 0 0 0 
94    0 0 0 0 0 0 0 0 0 0 0 0 0 0 0 0 0 0 0 0 0 
95    0 0 0 0 0 0 0 0 0 0 0 0 0 0 0 0 0 0 0 0 0 
96    0 0 0 0 0 0 1 0 0 0 0 0 0 0 0 0 0 0 0 0 0 
97    0 0 0 0 0 0 0 0 0 0 0 0 0 0 0 0 0 0 0 0 0 
98    0 0 0 0 0 0 0 0 0 0 0 0 0 0 0 0 0 0 0 0 0 
99    0 0 0 0 0 0 0 0 0 0 0 0 0 0 0 0 0 0 0 0 0 
100    0 0 0 0 0 0 0 0 0 0 0 0 0 0 0 0 0 0 0 0 0 
101    0 0 0 0 0 0 0 0 0 0 0 0 0 0 1 1 0 0 0 0 0 
102    0 0 0 0 0 0 0 0 0 0 0 0 0 0 0 0 0 0 0 0 0 
103    0 0 0 0 0 0 0 0 0 0 0 0 0 0 0 0 0 0 0 1 0 
104    0 0 0 0 0 0 0 0 0 0 0 0 0 0 0 0 0 0 0 0 0 
105    0 0 0 0 0 0 0 0 0 0 0 0 0 0 0 0 0 0 0 0 0 
106    0 0 0 0 0 0 0 0 0 0 0 0 0 0 0 0 0 0 0 0 0 
107    0 0 0 0 0 0 0 0 0 0 0 1 0 0 0 0 0 0 1 0 0 
108    0 0 0 0 0 0 0 0 0 0 0 0 0 0 0 0 0 0 0 0 0 
109    0 0 0 0 0 0 0 0 0 0 0 0 0 0 0 0 0 0 1 0 0 
110    0 0 0 0 0 0 0 0 0 0 0 0 0 0 0 0 0 0 0 0 0 
111    0 0 0 0 0 0 0 0 0 0 0 0 0 0 0 0 0 0 0 1 0 
112    0 0 0 0 0 0 0 0 0 0 0 0 0 0 0 0 0 0 0 1 0 
113    0 0 0 0 1 0 0 0 0 0 0 0 0 0 0 0 0 0 0 0 0 
114    0 0 0 0 0 0 0 0 0 1 0 0 0 0 1 1 0 0 0 0 0 
115    0 0 0 0 0 0 0 0 0 0 0 0 0 0 0 0 0 0 0 0 0 
116    0 0 0 1 0 0 0 0 0 0 0 0 0 0 0 0 0 0 0 0 0 
117    0 0 0 0 0 0 0 0 0 0 0 0 0 1 0 0 0 0 0 0 0 
118    1 0 0 0 0 0 0 0 0 0 0 0 0 0 0 0 0 0 0 0 0 
119    0 0 0 0 0 0 0 0 0 0 0 0 0 0 0 0 0 0 0 0 0 
120    0 0 0 0 0 0 0 0 0 0 0 0 0 0 0 0 0 0 0 0 0 
121    0 0 1 0 0 0 0 0 0 0 0 0 0 0 0 0 0 0 0 0 0 
122    1 0 0 0 0 0 0 0 0 0 0 0 0 0 0 0 0 0 0 0 0 
123    0 0 0 0 0 0 1 0 0 0 0 0 0 0 0 0 0 0 0 0 0 
124    0 0 0 0 0 0 0 0 0 0 0 0 0 0 0 0 0 0 0 0 0 
125    0 0 0 1 0 0 0 0 0 0 0 0 0 0 0 0 0 0 0 0 0 
126    0 0 0 0 0 0 0 0 0 0 0 0 0 0 0 0 0 0 0 0 0 
127    0 0 0 0 0 0 0 0 0 0 0 0 0 0 0 0 0 0 0 0 0 
128    0 0 0 0 0 0 0 0 0 0 0 0 0 0 0 0 0 0 0 0 0 
129    0 0 0 0 0 0 0 0 0 0 0 0 0 0 0 0 0 0 0 0 0 
130    0 0 0 0 0 0 0 0 0 1 0 0 0 0 1 1 0 0 0 0 0 
131    0 0 0 0 1 0 0 0 0 0 0 0 0 0 0 0 0 0 0 0 0 
132    0 0 0 0 0 0 0 0 0 0 0 0 0 0 0 0 0 0 0 1 0 
133    0 0 0 0 0 0 0 0 0 0 0 1 0 0 0 0 0 0 1 0 0 
134    0 0 0 0 0 0 0 0 0 0 0 0 0 0 0 1 0 0 0 0 0 
135    0 0 0 0 0 0 0 0 0 0 0 0 0 0 0 0 0 0 0 0 0 
136    0 0 0 0 0 0 0 0 0 0 0 0 0 0 0 0 0 0 0 0 0 
137    0 0 0 0 0 0 0 0 0 0 0 0 0 0 0 0 0 0 0 0 0 
138    0 0 0 0 0 0 0 0 0 0 0 0 1 0 0 0 0 0 0 0 0 
139    0 0 0 0 0 0 0 0 0 0 0 0 0 0 0 0 0 0 0 0 0 
140    0 0 0 0 0 0 0 0 0 0 0 0 0 0 0 0 0 0 0 0 0 
141    0 0 0 0 0 0 0 0 0 0 0 0 0 0 0 0 0 0 0 1 0 
142    0 0 0 0 0 0 0 0 0 0 0 0 0 0 0 0 0 0 0 0 0 
143    1 0 0 0 0 0 0 0 0 0 0 0 0 0 0 0 0 0 0 0 0 
144    0 0 0 0 0 0 0 0 0 0 0 0 0 0 0 0 0 0 0 0 0 
145    0 0 0 0 0 0 0 0 0 0 0 0 0 0 0 0 0 0 0 0 0 
146    1 0 0 0 0 0 0 0 0 0 0 0 0 0 0 0 0 0 0 0 0 
147    0 0 0 0 0 0 0 0 0 0 1 0 0 0 0 0 0 0 0 0 0 
148    0 0 0 0 0 0 0 0 0 0 0 0 0 0 0 0 0 0 0 0 0 
149    0 0 0 0 0 0 0 0 0 0 0 1 0 0 0 0 0 0 1 0 0 
150    0 0 0 0 0 0 0 0 0 0 0 0 0 0 0 0 0 0 0 0 0 
;

param path: 1 2 3 4 5 6 7 8 9 10 11 12 13 14 15 16 17 18 19 20 21 :=
1    1 0 0 0 0 0 0 0 0 0 0 0 0 0 0 0 0 0 0 0 0 
2    0 1 0 0 0 0 0 0 0 0 0 0 0 0 0 0 0 0 0 0 0 
3    0 0 0 1 0 0 0 0 0 0 0 0 0 0 0 0 0 0 0 0 0 
4    0 0 0 0 1 0 0 0 0 0 0 0 0 0 0 0 0 0 0 0 0 
5    0 0 0 0 0 1 0 0 0 0 0 0 0 0 0 0 0 0 0 1 0 
6    0 0 0 0 0 0 1 0 0 0 0 0 0 0 0 0 0 0 0 0 0 
7    0 0 0 0 0 0 0 0 1 0 0 0 0 0 0 0 0 0 0 0 0 
8    0 0 0 0 0 0 0 0 0 1 0 0 0 0 1 1 0 0 0 0 0 
9    0 0 0 0 0 0 0 0 0 0 1 0 0 0 0 0 0 0 0 0 0 
10    0 0 0 0 0 0 0 0 0 0 0 1 0 0 0 0 0 0 1 0 0 
11    0 0 0 0 0 0 0 0 0 0 0 0 1 0 1 1 0 0 0 0 0 
12    0 0 0 0 0 0 0 0 0 0 0 0 0 1 0 0 0 0 0 0 0 
13    0 0 0 0 0 0 0 0 0 0 0 0 0 0 1 1 0 0 0 0 0 
14    0 0 0 0 0 0 0 0 0 0 0 0 0 0 0 1 0 0 0 0 0 
15    0 0 0 0 0 0 0 0 1 0 0 0 0 0 0 0 1 0 0 0 0 
16    0 0 0 0 0 0 0 0 0 0 0 0 0 0 0 0 0 1 0 0 0 
17    0 0 0 0 0 0 0 0 0 0 0 0 0 0 0 0 0 0 0 1 0 
;

param np:=
1 0   2 0   3 0   4 0   5 0   6 0   7 0   8 0   9 0   10 0   
11 1   12 0   13 0   14 0   15 0   16 0   17 0   18 0   19 0   20 0   
21 0   22 0   23 0   24 0   25 0   26 0   27 0   28 0   29 0   30 0   
31 0   32 0   33 0   34 0   35 0   36 0   37 0   38 0   39 0   40 0   
41 0   42 0   43 0   44 0   45 0   46 0   47 0   48 0   49 0   50 0   
51 0   52 0   53 0   54 0   55 0   56 0   57 0   58 0   59 0   60 0   
61 0   62 0   63 0   64 0   65 0   66 0   67 0   68 0   69 0   70 0   
71 0   72 0   73 0   74 0   75 0   76 0   77 0   78 0   79 0   80 0   
81 0   82 0   83 0   84 0   85 0   86 0   87 0   88 0   89 0   90 0   
91 0   92 0   93 0   94 0   95 0   96 0   97 0   98 0   99 0   100 0   
101 0   102 0   103 0   104 0   105 0   106 0   107 0   108 0   109 0   110 0   
111 0   112 0   113 0   114 0   115 0   116 0   117 0   118 0   119 0   120 0   
121 0   122 0   123 0   124 0   125 0   126 0   127 0   128 0   129 0   130 0   
131 0   132 0   133 0   134 0   135 0   136 0   137 0   138 0   139 0   140 0   
141 0   142 0   143 0   144 0   145 0   146 0   147 0   148 0   149 0   150 0   
151 0   152 0   153 0   154 0   155 0   156 0   157 0   158 0   159 0   160 0   
161 0   162 0   163 0   164 0   165 0   166 0   167 0   168 0   169 0   170 0   
171 0   172 0   173 0   174 0   175 0   176 0   177 0   178 0   179 0   180 0   
181 0   182 0   183 0   184 0   185 0   186 0   187 0   188 0   189 0   190 0   
191 0   192 0   193 0   194 0   195 0   196 0   197 0   198 0   199 0   200 0   
201 0   202 0   203 0   204 0   205 0   206 0   207 0   208 0   209 0   210 0   
211 0   212 0   213 0   214 0   215 0   216 0   217 0   218 0   219 0   220 0   
221 0   222 0   223 0   224 0   225 0   226 0   227 0   228 0   229 0   230 0   
231 0   232 0   233 0   234 0   235 0   236 0   237 0   238 0   239 0   240 0   
241 0   242 0   243 0   244 0   245 0   246 0   247 0   248 0   249 0   250 0   
251 0   252 0   253 0   254 1   255 0   256 0   257 0   258 0   259 0   260 0   
261 0   262 0   263 0   264 0   265 0   266 0   267 0   268 0   269 0   270 0   
271 0   272 0   273 0   274 0   275 0   276 0   277 0   278 0   279 0   280 0   
281 0   282 0   283 0   284 0   285 0   286 0   287 0   288 1   289 0   290 0   
291 0   292 0   293 0   294 0   295 0   296 0   297 0   298 0   299 0   300 0   
301 0   302 0   303 0   304 0   305 0   306 0   307 0   308 0   309 0   310 0   
311 0   312 0   313 0   314 0   315 0   316 0   317 0   318 1   319 0   320 0   
321 0   322 0   323 0   324 0   325 0   326 0   327 0   328 0   329 0   330 0   
331 0   332 0   333 0   334 0   335 0   336 0   337 0   338 0   339 0   340 0   
341 0   342 0   343 0   344 0   345 0   346 0   347 0   348 0   349 0   350 0   
351 0   352 0   353 0   354 0   355 0   356 0   357 0   358 0   359 0   360 0   
361 0   362 0   363 0   364 0   365 0   366 0   367 0   368 0   369 0   370 0   
371 0   372 0   373 0   374 0   375 0   376 0   377 0   378 0   379 0   380 0   
381 0   382 0   383 0   384 0   385 0   386 0   387 0   388 0   389 0   390 0   
391 0   392 0   393 0   394 0   395 0   396 0   397 0   398 0   399 0   400 0   
401 0   402 0   403 0   404 0   405 0   406 1   407 0   408 1   409 0   410 0   
411 0   412 0   413 0   414 0   415 0   416 0   417 0   418 0   419 0   420 0   
421 0   422 0   423 0   424 0   425 0   426 0   427 0   428 0   429 0   430 0   
431 0   432 0   433 0   434 0   435 0   436 0   437 0   438 0   439 0   440 0   
441 0   442 0   443 0   444 0   445 0   446 0   447 0   448 0   449 0   450 0   
451 0   452 0   453 0   454 0   455 0   456 0   457 0   458 0   459 0   460 0   
461 0   462 0   463 0   464 0   465 0   466 0   467 0   468 0   469 0   470 0   
471 0   472 0   473 0   474 0   475 0   476 0   477 0   478 0   479 0   480 0   
481 0   482 0   483 0   484 0   485 0   486 0   487 0   488 0   489 0   490 0   
491 0   492 0   493 0   494 0   495 0   496 0   497 0   498 0   499 0   500 0   
501 0   502 0   503 0   504 0   505 0   506 0   507 0   508 0   509 0   510 0   
511 0   512 0   513 0   514 0   515 0   516 0   517 0   518 0   519 0   520 0   
521 0   522 0   523 0   524 0   525 0   526 0   527 0   528 0   529 0   530 0   
531 0   532 0   533 0   534 0   535 0   536 0   537 0   538 0   539 0   540 0   
541 0   542 0   543 0   544 0   545 0   546 0   547 0   548 0   549 0   550 0   
551 0   552 0   553 0   554 0   555 0   556 0   557 0   558 0   559 0   560 0   
561 0   562 0   563 0   564 0   565 0   566 0   567 0   568 0   569 0   570 0   
571 0   572 0   573 0   574 0   575 0   576 0   577 0   578 0   579 0   580 0   
581 0   582 0   583 0   584 0   585 0   586 0   587 0   588 0   589 0   590 0   
591 0   592 0   593 0   594 0   595 0   596 0   597 0   598 0   599 0   600 0   
601 0   602 0   603 0   604 1   605 0   606 0   607 0   608 0   609 0   610 0   
611 0   612 0   613 0   614 0   615 0   616 0   617 0   618 0   619 0   620 0   
621 0   622 0   623 0   624 0   625 0   626 0   627 0   628 0   629 0   630 0   
631 0   632 0   633 0   634 0   635 0   636 0   637 0   638 0   639 0   640 0   
641 0   642 0   643 0   644 0   645 0   646 0   647 0   648 0   649 0   650 0   
651 0   652 0   653 0   654 0   655 0   656 0   657 0   658 0   659 0   660 0   
661 0   662 0   663 0   664 0   665 0   666 0   667 0   668 0   669 0   670 0   
671 0   672 0   673 0   674 0   675 0   676 0   677 0   678 0   679 0   680 0   
681 0   682 0   683 0   684 0   685 0   686 0   687 0   688 0   689 0   690 0   
691 0   692 0   693 0   694 0   695 0   696 0   697 0   698 0   699 0   700 0   
701 0   702 0   703 0   704 0   705 0   706 0   707 0   708 0   709 0   710 0   
711 0   712 0   713 0   714 0   715 0   716 0   717 0   718 0   719 0   720 0   
721 0   722 0   723 0   724 0   725 0   726 0   727 0   728 0   729 0   730 0   
731 0   732 0   733 0   734 0   735 0   736 0   737 0   738 0   739 0   740 0   
741 0   742 0   743 0   744 0   745 0   746 0   747 0   748 0   749 0   750 0   
751 0   752 0   753 0   754 0   755 0   756 0   757 0   758 0   759 0   760 0   
761 0   762 0   763 0   764 0   765 0   766 0   767 0   768 0   769 0   770 0   
771 0   772 0   773 1   774 0   775 0   776 0   777 0   778 0   779 0   780 0   
781 0   782 0   783 0   784 0   785 0   786 0   787 0   788 0   789 0   790 0   
791 0   792 0   793 0   794 0   795 0   796 0   797 0   798 0   799 0   800 0   
801 0   802 0   803 0   804 0   805 0   806 0   807 0   808 0   809 0   810 0   
811 0   812 0   813 0   814 0   815 0   816 0   817 0   818 0   819 0   820 0   
821 0   822 0   823 0   824 0   825 0   826 0   827 0   828 0   829 0   830 0   
831 0   832 0   833 0   834 0   835 0   836 0   837 0   838 0   839 0   840 0   
841 0   842 0   843 0   844 0   845 0   846 0   847 0   848 0   849 0   850 0   
851 0   852 0   853 0   854 0   855 0   856 0   857 0   858 0   859 0   860 0   
861 0   862 0   863 0   864 0   865 1   866 0   867 0   868 0   869 0   870 0   
871 0   872 0   873 0   874 0   875 0   876 0   877 0   878 0   879 0   880 0   
881 0   882 0   883 0   884 0   885 0   886 0   887 0   888 0   889 0   890 0   
891 0   892 0   893 0   894 0   895 0   896 0   897 0   898 0   899 0   900 0   
901 0   902 0   903 0   904 0   905 0   906 0   907 0   908 0   909 0   910 0   
911 0   912 1   913 0   914 0   915 0   916 0   917 0   918 0   919 0   920 0   
921 0   922 0   923 0   924 0   925 0   926 0   927 0   928 0   929 0   930 0   
931 0   932 0   933 0   934 0   935 0   936 0   937 0   938 0   939 0   940 0   
941 0   942 0   943 0   944 0   945 0   946 0   947 0   948 0   949 0   950 0   
951 0   952 0   953 0   954 0   955 0   956 0   957 0   958 0   959 0   960 0   
961 0   962 0   963 0   964 0   965 0   966 0   967 0   968 0   969 0   970 0   
971 0   972 0   973 0   974 0   975 0   976 0   977 0   978 0   979 0   980 0   
981 0   982 0   983 0   984 0   985 0   986 0   987 0   988 0   989 0   990 0   
991 0   992 0   993 0   994 0   995 0   996 0   997 0   998 0   999 0   1000 0   
1001 0   1002 0   1003 0   1004 0   1005 0   1006 0   1007 0   1008 0   1009 0   1010 0   
1011 0   1012 0   1013 0   1014 0   1015 0   1016 0   1017 0   1018 0   1019 0   1020 0   
1021 0   1022 0   1023 0   1024 0   1025 0   1026 0   1027 0   1028 0   1029 0   1030 0   
1031 0   1032 0   1033 0   1034 1   1035 0   1036 0   1037 0   1038 0   1039 0   1040 0   
1041 0   1042 0   1043 0   1044 0   1045 0   1046 0   1047 0   1048 0   1049 0   1050 0   
1051 0   1052 0   1053 0   1054 0   1055 0   1056 0   1057 0   1058 0   1059 0   1060 0   
1061 0   1062 0   1063 0   1064 0   1065 0   1066 0   1067 0   1068 0   1069 0   1070 0   
1071 0   1072 0   1073 0   1074 0   1075 0   1076 0   1077 0   1078 0   1079 0   1080 0   
1081 0   1082 0   1083 0   1084 0   1085 0   1086 0   1087 0   1088 0   1089 0   1090 0   
1091 0   1092 0   1093 0   1094 0   1095 0   1096 0   1097 0   1098 0   1099 0   1100 0   
1101 0   1102 0   1103 0   1104 0   1105 0   1106 0   1107 0   1108 0   1109 0   1110 0   
1111 0   1112 1   1113 0   1114 0   1115 0   1116 0   1117 0   1118 0   1119 0   1120 0   
1121 0   1122 0   1123 0   1124 0   1125 0   1126 0   1127 0   1128 0   1129 0   1130 0   
1131 0   1132 0   1133 0   1134 0   1135 0   1136 0   1137 0   1138 0   1139 0   1140 0   
1141 0   1142 0   1143 0   1144 0   1145 0   1146 0   1147 0   1148 0   1149 0   1150 0   
1151 0   1152 0   1153 0   1154 0   1155 0   1156 0   1157 0   1158 0   1159 0   1160 0   
1161 0   1162 0   1163 0   1164 0   1165 0   1166 0   1167 0   1168 0   1169 0   1170 0   
1171 0   1172 0   1173 0   1174 0   1175 0   1176 0   1177 0   1178 0   1179 0   1180 0   
1181 0   1182 0   1183 0   1184 0   1185 0   1186 0   1187 0   1188 0   1189 0   1190 0   
1191 0   1192 0   1193 0   1194 0   1195 0   1196 0   1197 0   1198 0   1199 0   1200 0   
1201 0   1202 0   1203 0   1204 0   1205 0   1206 0   1207 0   1208 0   1209 0   1210 0   
1211 0   1212 0   1213 0   1214 0   1215 0   1216 0   1217 0   1218 0   1219 0   1220 0   
1221 0   1222 0   1223 0   1224 0   1225 0   1226 0   1227 0   1228 0   1229 0   1230 0   
1231 0   1232 0   1233 0   1234 0   1235 0   1236 0   1237 0   1238 0   1239 0   1240 0   
1241 0   1242 0   1243 0   1244 0   1245 0   1246 0   1247 0   1248 0   1249 0   1250 0   
1251 0   1252 0   1253 0   1254 0   1255 0   1256 0   1257 0   1258 0   1259 0   1260 0   
1261 0   1262 0   1263 0   1264 0   1265 0   1266 0   1267 0   1268 0   1269 0   1270 0   
1271 0   1272 0   1273 0   1274 0   1275 0   1276 0   1277 0   1278 0   1279 0   1280 0   
1281 0   1282 0   1283 0   1284 0   1285 0   1286 0   1287 0   1288 0   1289 0   1290 0   
1291 0   1292 0   1293 0   1294 0   1295 0   1296 0   1297 0   1298 0   1299 0   1300 0   
1301 0   1302 0   1303 0   1304 0   1305 0   1306 0   1307 0   1308 0   1309 0   1310 0   
1311 0   1312 0   1313 0   1314 0   1315 0   1316 0   1317 0   1318 0   1319 0   1320 0   
1321 0   1322 0   1323 0   1324 0   1325 0   1326 0   1327 0   1328 0   1329 0   1330 0   
1331 0   1332 0   1333 0   1334 0   1335 0   1336 0   1337 0   1338 0   1339 0   1340 0   
1341 0   1342 0   1343 0   1344 0   1345 0   1346 0   1347 0   1348 0   1349 0   1350 0   
1351 0   1352 0   1353 0   1354 0   1355 0   1356 0   1357 0   1358 0   1359 0   1360 0   
1361 0   1362 0   1363 0   1364 0   1365 0   1366 0   1367 0   1368 0   1369 0   1370 0   
1371 0   1372 0   1373 0   1374 0   1375 0   1376 0   1377 0   1378 0   1379 1   1380 0   
1381 0   1382 0   1383 0   1384 0   1385 0   1386 0   1387 0   1388 0   1389 0   1390 0   
1391 0   1392 0   1393 0   1394 0   1395 0   1396 0   1397 0   1398 0   1399 0   1400 0   
1401 0   1402 0   1403 0   1404 0   1405 0   1406 0   1407 0   1408 0   1409 0   1410 0   
1411 0   1412 0   1413 1   1414 0   1415 0   1416 0   1417 0   1418 0   1419 0   1420 0   
1421 0   1422 0   1423 0   1424 0   1425 0   1426 0   1427 0   1428 0   1429 0   1430 0   
1431 0   1432 0   1433 0   1434 1   1435 0   1436 0   1437 0   1438 0   1439 0   1440 0   
1441 0   1442 0   1443 0   1444 0   1445 0   1446 0   1447 0   1448 0   1449 0   1450 0   
1451 0   1452 0   1453 0   1454 0   1455 0   1456 0   1457 0   1458 0   1459 0   1460 0   
1461 0   1462 0   1463 0   1464 0   1465 0   1466 0   1467 0   1468 0   1469 0   1470 0   
1471 0   1472 0   1473 0   1474 0   1475 0   1476 0   1477 0   1478 0   1479 0   1480 0   
1481 0   1482 0   1483 0   1484 0   1485 0   1486 0   1487 0   1488 0   1489 0   1490 0   
1491 0   1492 0   1493 0   1494 0   1495 0   1496 0   1497 0   1498 0   1499 0   1500 0   
1501 0   1502 0   1503 0   1504 0   1505 0   1506 0   1507 0   1508 0   1509 0   1510 0   
1511 0   1512 0   1513 0   1514 0   1515 0   1516 0   1517 0   1518 0   1519 0   1520 0   
1521 0   1522 0   1523 0   1524 0   1525 0   1526 0   1527 0   1528 0   1529 0   1530 0   
1531 0   1532 0   1533 0   1534 0   1535 0   1536 0   1537 0   1538 0   1539 0   1540 0   
1541 0   1542 0   1543 0   1544 0   1545 0   1546 0   1547 0   1548 0   1549 0   1550 0   
1551 0   1552 0   1553 0   1554 0   1555 0   1556 0   1557 0   1558 0   1559 0   1560 0   
1561 0   1562 0   1563 0   1564 0   1565 0   1566 0   1567 0   1568 0   1569 0   1570 0   
1571 0   1572 0   1573 0   1574 0   1575 0   1576 0   1577 0   1578 0   1579 0   1580 0   
1581 0   1582 0   1583 0   1584 0   1585 0   1586 0   1587 0   1588 0   1589 0   1590 0   
1591 0   1592 0   1593 0   1594 0   1595 0   1596 0   1597 1   1598 0   1599 0   1600 0   
1601 0   1602 0   1603 0   1604 0   1605 0   1606 0   1607 0   1608 0   1609 0   1610 0   
1611 0   1612 0   1613 0   1614 0   1615 0   1616 0   1617 0   1618 0   1619 0   1620 0   
1621 0   1622 0   1623 0   1624 0   1625 0   1626 0   1627 0   1628 0   1629 0   1630 0   
1631 0   1632 0   1633 0   1634 0   1635 0   1636 0   1637 0   1638 0   1639 0   1640 0   
1641 0   1642 0   1643 0   1644 0   1645 0   1646 0   1647 0   1648 0   1649 0   1650 0   
1651 0   1652 0   1653 0   1654 0   1655 0   1656 0   1657 0   1658 0   1659 0   1660 0   
1661 0   1662 0   1663 0   1664 0   1665 0   1666 0   1667 0   1668 0   1669 0   1670 0   
1671 0   1672 0   1673 0   1674 0   1675 0   1676 0   1677 0   1678 0   1679 0   1680 0   
1681 0   1682 0   1683 0   1684 0   1685 0   1686 0   1687 0   1688 0   1689 0   1690 0   
1691 0   1692 0   1693 0   1694 0   1695 0   1696 0   1697 0   1698 0   1699 0   1700 0   
1701 0   1702 0   1703 0   1704 0   1705 0   1706 0   1707 0   1708 0   1709 0   1710 0   
1711 0   1712 0   1713 0   1714 0   1715 0   1716 0   1717 0   1718 0   1719 1   1720 0   
1721 0   1722 0   1723 0   1724 0   1725 0   1726 0   1727 0   1728 0   1729 0   1730 0   
1731 0   1732 0   1733 0   1734 0   1735 0   1736 0   1737 0   1738 0   1739 0   1740 0   
1741 0   1742 0   1743 0   1744 0   1745 0   1746 0   1747 0   1748 0   1749 0   1750 0   
1751 0   1752 0   1753 0   1754 0   1755 0   1756 0   1757 0   1758 0   1759 0   1760 0   
1761 0   1762 0   1763 0   1764 0   1765 0   1766 0   1767 0   1768 0   1769 0   1770 0   
1771 0   1772 0   1773 0   1774 0   1775 0   1776 0   1777 0   1778 0   1779 0   1780 0   
1781 0   1782 0   1783 0   1784 0   1785 0   1786 0   1787 0   1788 0   1789 0   1790 0   
1791 0   1792 0   1793 0   1794 0   1795 0   1796 0   1797 0   1798 0   1799 0   1800 0   
1801 0   1802 0   1803 0   1804 0   1805 0   1806 0   1807 0   1808 0   1809 0   1810 0   
1811 0   1812 0   1813 0   1814 0   1815 0   1816 0   1817 0   1818 0   1819 0   1820 0   
1821 0   1822 0   1823 0   1824 0   1825 0   1826 0   1827 0   1828 0   1829 0   1830 0   
1831 0   1832 0   1833 0   1834 0   1835 0   1836 0   1837 0   1838 0   1839 0   1840 0   
1841 0   1842 0   1843 0   1844 0   1845 0   1846 0   1847 0   1848 0   1849 0   1850 0   
1851 0   1852 0   1853 0   1854 0   1855 0   1856 0   1857 0   1858 0   1859 0   1860 0   
1861 0   1862 0   1863 0   1864 0   1865 0   1866 0   1867 0   1868 0   1869 0   1870 0   
1871 0   1872 0   ;

param time:=
1 9.28   2 7.88   3 1.6   4 6.94   5 12.16   6 7.35   7 8.45   8 20.24   9 0.49   10 7.8   
11 16.37   12 0.53   13 15.12   14 8.28   15 14.28   16 4.46   17 3.53   ;

